{"class":"DecalRoad","persistentId":"019f62ab-5056-4cb8-9546-99a6bd06fe25","__parent":"SimGroup_","position":[-269.230133,-384.1698,24.830946],"improvedSpline":true,"material":"track_rubber","nodes":[[-269.230133,-384.1698,24.830946,4],[-306.582489,-370.760345,27.7639542,4],[-341.011261,-376.673248,32.6308517,4]],"startEndFade":[15,15],"textureLength":20}
{"class":"DecalRoad","persistentId":"0502cfa0-cb0f-4a3d-a653-b4aac45a8fb8","__parent":"SimGroup_","position":[-352.103577,-382.961823,34.3562317],"improvedSpline":true,"material":"track_rubber","nodes":[[-352.103577,-382.961823,34.3562317,4],[-371.173462,-385.691925,35.5867653,4],[-378.388062,-377.072998,36.0292931,4],[-367.556183,-358.793945,35.1123352,4]],"startEndFade":[15,15],"textureLength":20}
{"class":"DecalRoad","persistentId":"13261660-fd62-4646-b3e9-695ef0c500cc","__parent":"SimGroup_","position":[-359.568359,-186.847778,27.4085159],"improvedSpline":true,"material":"track_rubber","nodes":[[-359.568359,-186.847778,27.4085159,4],[-348.957001,-195.461136,26.7985783,4],[-342.355408,-191.602692,26.1988468,4],[-348.646851,-175.686935,25.7471867,4]],"startEndFade":[15,15],"textureLength":20}
{"class":"DecalRoad","persistentId":"16bbfc13-e061-47cb-8df8-581f17089317","__parent":"SimGroup_","position":[-368.675049,-363.74942,35.2990913],"improvedSpline":true,"material":"track_rubber","nodes":[[-368.675049,-363.74942,35.2990913,4],[-358.533539,-343.08432,33.8511276,4],[-365.053131,-318.876862,33.5431709,4],[-379.056091,-300.650391,34.2957726,4]],"startEndFade":[15,30],"textureLength":20}
{"class":"DecalRoad","persistentId":"2020854d-642b-461b-b699-d39b692d0f97","__parent":"SimGroup_","position":[-457.029449,-119.075821,37.2368088],"improvedSpline":true,"material":"track_rubber","nodes":[[-457.029449,-119.075821,37.2368088,4],[-456.184052,-103.575874,35.641964,4],[-447.983337,-103.953453,35.1320114,4],[-440.885437,-113.768524,34.2841263,4]],"startEndFade":[15,15],"textureLength":20}
{"class":"DecalRoad","persistentId":"3009dd4f-04b2-4c38-996c-d3b1f3e5adaf","__parent":"SimGroup_","position":[-347.254852,-175.158966,25.742281],"improvedSpline":true,"material":"track_rubber","nodes":[[-347.254852,-175.158966,25.742281,4],[-356.976471,-153.315582,24.8341236,4],[-348.725342,-150.45253,24.0927582,4],[-334.030792,-163.524582,22.9496822,4]],"startEndFade":[15,15],"textureLength":20}
{"class":"DecalRoad","persistentId":"328e9c5b-9691-4542-8bc7-70140b3d6667","__parent":"SimGroup_","position":[53.5444489,-438.200562,17.8154526],"improvedSpline":true,"material":"track_rubber","nodes":[[53.5444489,-438.200562,17.8154526,4],[43.2676086,-456.747437,17.4413147,4],[26.8503208,-465.506775,18.2047482,4],[8.85693264,-462.546814,17.4520683,4],[-4.82905579,-448.485596,17.2432175,4]],"startEndFade":[30,30],"textureLength":20}
{"class":"DecalRoad","persistentId":"383f7099-ac0e-40a5-93ac-10051c4e15ad","__parent":"SimGroup_","position":[-66.7457733,-419.354553,16.509037],"improvedSpline":true,"material":"track_rubber","nodes":[[-66.7457733,-419.354553,16.509037,4],[-91.5694733,-422.000671,16.4240417,4],[-112.86409,-437.332428,17.1416893,4]],"startEndFade":[15,15],"textureLength":20}
{"class":"DecalRoad","persistentId":"42f54e25-5222-4e71-969f-ff05d975142a","__parent":"SimGroup_","position":[-343.41452,-379.82373,33.1553345],"improvedSpline":true,"material":"track_rubber","nodes":[[-343.41452,-379.82373,33.1553345,4],[-364.608093,-385.46817,35.1767311,4],[-378.181396,-377.3815,36.0300484,4],[-364.380646,-354.724792,34.9068031,4]],"startEndFade":[15,15],"textureLength":20}
{"class":"DecalRoad","persistentId":"4cc59d48-c8ac-41d8-8b85-1c5b589d8175","__parent":"SimGroup_","position":[-357.200378,-188.949615,27.3413239],"improvedSpline":true,"material":"track_rubber","nodes":[[-357.200378,-188.949615,27.3413239,4],[-348.029327,-196.780777,26.7168312,4],[-342.283081,-192.713608,26.2462177,4],[-350.1297,-174.001389,25.7009506,4]],"startEndFade":[15,15],"textureLength":20}
{"class":"DecalRoad","persistentId":"523b62ef-1267-4202-a817-be7314b1db47","__parent":"SimGroup_","position":[-4.50161219,-448.597107,17.24436],"improvedSpline":true,"material":"track_rubber","nodes":[[-4.50161219,-448.597107,17.24436,4],[-12.3034582,-436.922791,17.1100502,4],[-25.6606503,-428.085449,17.1586285,4],[-44.7707367,-422.804657,17.0450764,4]],"startEndFade":[15,15],"textureLength":20}
{"class":"DecalRoad","persistentId":"5fdbc83f-f643-4091-b1c7-725ce9679a6c","__parent":"SimGroup_","position":[-320.384399,-178.052536,21.550518],"improvedSpline":true,"material":"track_rubber","nodes":[[-320.384399,-178.052536,21.550518,4],[-300.243073,-188.186905,20.8686237,4],[-278.087097,-195.360962,19.5809536,4]],"startEndFade":[20,20],"textureLength":20}
{"class":"DecalRoad","persistentId":"6c5977de-2c11-4b77-b5ce-85ab7597f52c","__parent":"SimGroup_","position":[-338.048737,-375.572784,32.1725006],"improvedSpline":true,"material":"track_rubber","nodes":[[-338.048737,-375.572784,32.1725006,4],[-367.531067,-386.539246,35.3542557,4],[-375.895691,-374.644104,35.9513054,4],[-366.73175,-357.783356,35.0629578,4]],"startEndFade":[15,15],"textureLength":20}
{"class":"DecalRoad","persistentId":"76538e63-cbf1-4b20-affc-62a61d617a60","__parent":"SimGroup_","position":[-341.684723,-380.214844,32.9223213],"improvedSpline":true,"material":"track_rubber","nodes":[[-341.684723,-380.214844,32.9223213,4],[-370.233948,-384.142029,35.5411339,4],[-375.091339,-372.163849,35.8077087,4],[-365.215424,-354.578064,34.9255638,4]],"startEndFade":[15,15],"textureLength":20}
{"class":"DecalRoad","persistentId":"7c97d89f-ff7f-4824-adae-114579dc0da2","__parent":"SimGroup_","position":[-371.614349,-174.119904,28.0184212],"improvedSpline":true,"material":"track_rubber","nodes":[[-371.614349,-174.119904,28.0184212,4],[-349.980225,-195.490784,26.8634491,4],[-343.571106,-187.459686,26.0291748,4],[-350.029053,-170.862457,25.626564,4]],"startEndFade":[15,15],"textureLength":20}
{"class":"DecalRoad","persistentId":"9b078aa6-1789-4773-ad65-fd523d8cfec7","__parent":"SimGroup_","position":[-351.08078,-168.392776,25.5540638],"improvedSpline":true,"material":"track_rubber","nodes":[[-351.08078,-168.392776,25.5540638,4],[-355.99704,-154.403122,24.9065876,4],[-350.051971,-147.991928,24.1981583,4],[-331.992798,-166.054855,22.6272793,4]],"startEndFade":[15,15],"textureLength":20}
{"class":"DecalRoad","persistentId":"b14339cc-aaf2-4b5f-9d9f-2936af53943e","__parent":"SimGroup_","position":[-349.593567,-169.705917,25.6021442],"improvedSpline":true,"material":"track_rubber","nodes":[[-349.593567,-169.705917,25.6021442,4],[-355.392487,-155.402054,24.9895267,4],[-348.395935,-150.761688,24.0729103,4],[-336.689911,-160.101852,23.3871899,4]],"startEndFade":[15,15],"textureLength":20}
{"class":"DecalRoad","persistentId":"c72edd7d-1152-41be-8066-f26f15dfb2e1","__parent":"SimGroup_","position":[-152.333511,-463.538727,18.9000492],"improvedSpline":true,"material":"track_rubber","nodes":[[-152.333511,-463.538727,18.9000492,4],[-181.328171,-473.126923,19.9980145,4],[-200.516403,-464.639435,20.641304,4],[-219.664154,-442.809418,21.5168915,4]],"startEndFade":[30,30],"textureLength":20}
{"class":"DecalRoad","persistentId":"d922dc33-fdbd-41a0-a5b8-6775a89821b0","__parent":"SimGroup_","position":[-109.190598,-52.6657677,34.1999512],"improvedSpline":true,"material":"dirt_road_flows","nodes":[[-109.190598,-52.6657677,34.1999512,4],[-106.733467,-58.6126938,34.3721962,4],[-106.367714,-65.6636353,34.3444824,5.6999979],[-108.614067,-76.1098785,34.3444824,4]],"startEndFade":[5,5],"textureLength":20}
{"class":"DecalRoad","persistentId":"de0d2748-588b-4635-b6aa-a0aa7038eb91","__parent":"SimGroup_","position":[-457.242065,-121.44455,37.4034004],"improvedSpline":true,"material":"track_rubber","nodes":[[-457.242065,-121.44455,37.4034004,4],[-455.998322,-106.521393,36.021122,4],[-447.443573,-103.208275,35.1319351,4],[-439.187836,-117.649803,33.6581154,4]],"startEndFade":[15,15],"textureLength":20}
{"class":"DecalRoad","persistentId":"e9ac37dc-bf44-4e5f-894f-2a3ea52682ce","__parent":"SimGroup_","position":[-379.056091,-300.650391,34.2957726],"improvedSpline":true,"material":"track_rubber","nodes":[[-379.056091,-300.650391,34.2957726,4],[-398.8992,-280.841644,35.1839981,4],[-414.263702,-267.835602,35.1178894,4],[-423.935516,-253.635605,34.9313889,4],[-428.258209,-228.708328,34.8668823,4]],"startEndFade":[40,40],"textureLength":20}
{"class":"DecalRoad","persistentId":"ecdb5147-2a91-4b8a-bd46-bec829364deb","__parent":"SimGroup_","position":[-431.828186,-211.712189,35.2483253],"improvedSpline":true,"material":"track_rubber","nodes":[[-431.828186,-211.712189,35.2483253,4],[-436.833191,-195.090225,36.3224792,4],[-444.186462,-179.22081,37.4178848,4],[-452.29187,-161.931091,38.4444542,4],[-457.065857,-140.810654,38.2551651,4],[-457.75531,-118.871422,37.2235756,4]],"startEndFade":[40,40],"textureLength":20}
{"class":"DecalRoad","persistentId":"f02e7d2b-78b3-4ad4-a7f9-195ced927d42","__parent":"SimGroup_","position":[-456.621277,-118.615753,37.2038956],"improvedSpline":true,"material":"track_rubber","nodes":[[-456.621277,-118.615753,37.2038956,4],[-455.149506,-104.493492,35.7146873,4],[-449.128601,-101.545326,35.1316414,4],[-442.686646,-110.720779,34.7398033,4]],"startEndFade":[15,15],"textureLength":20}
{"class":"DecalRoad","persistentId":"fc2c0301-bced-4b10-a73f-3d491cb2460a","__parent":"SimGroup_","position":[54.9820251,-407.545105,18.2925148],"improvedSpline":true,"material":"track_rubber","nodes":[[54.9820251,-407.545105,18.2925148,4],[50.1040497,-419.35199,18.0644035,4],[50.0133324,-438.130463,17.929142,4]],"startEndFade":[15,15],"textureLength":20}
{"name":"SimGroup_","class":"SimGroup","persistentId":"e9fd80dd-37c1-41ad-9aec-0719b1e6fe32","groupPosition":"0 0 0"}
{"class":"TSStatic","persistentId":"046cc821-e4f0-4646-9aa9-bcc5c9f49e7b","__parent":"SimGroup_","position":[-145.381546,-207.297333,17.0307465],"isRenderEnabled":false,"rotationMatrix":[-0.797331929,0.603540599,0,-0.603540599,-0.797331929,0,0,0,1],"shapeName":"/levels/ms_s2/art/shapes/buildings/italy_construction_site_net.DAE","useInstanceRenderData":true}
{"class":"TSStatic","persistentId":"0491f67d-b56f-47d1-85aa-27492e147529","__parent":"SimGroup_","position":[46.2669334,-423.639801,17.5854321],"isRenderEnabled":false,"rotationMatrix":[-0.182624459,0.983182728,0,-0.983182728,-0.182624459,0,0,0,1],"shapeName":"/levels/ms_s2/art/shapes/buildings/italy_construction_site_net.DAE","useInstanceRenderData":true}
{"class":"TSStatic","persistentId":"05845535-1a99-4337-b408-3bc9fe8e4baf","__parent":"SimGroup_","position":[-103.823235,-66.4109039,34.3444824],"isRenderEnabled":false,"rotationMatrix":[0.969529331,-0.244975299,0,0.244975299,0.969529331,0,0,0,1],"shapeName":"/levels/ms_s2/art/shapes/race/race_rally_finish_checkpoint_red.dae","useInstanceRenderData":true}
{"class":"TSStatic","persistentId":"06744763-4262-46ad-a150-3f74e991e116","__parent":"SimGroup_","position":[-180.915466,280.798309,16.8346272],"isRenderEnabled":false,"rotationMatrix":[0.437238693,0.899345517,0,-0.899345517,0.437238693,0,0,0,1],"scale":[1.07372546,1,1],"shapeName":"/levels/ms_s2/art/shapes/buildings/italy_construction_site_net.DAE","useInstanceRenderData":true}
{"class":"TSStatic","persistentId":"07abfb9b-ccd2-477b-bcac-f31a3736f43a","__parent":"SimGroup_","position":[47.1559906,-411.499207,17.5854321],"isRenderEnabled":false,"rotationMatrix":[0.552455664,0.833542407,0,-0.833542407,0.552455664,0,0,0,1],"shapeName":"/levels/ms_s2/art/shapes/buildings/italy_construction_site_net.DAE","useInstanceRenderData":true}
{"class":"TSStatic","persistentId":"09468920-5839-4c22-b287-4fdc65b7858a","__parent":"SimGroup_","position":[-347.254822,-144.25647,24.1231689],"isRenderEnabled":false,"rotationMatrix":[0.278464735,-0.960056186,-0.0273745395,0.958313942,0.279631793,-0.058653079,0.0639650524,-0.00990059227,0.997903049],"shapeName":"/art/shapes/objects/s_metal_fence.dae","useInstanceRenderData":true}
{"class":"TSStatic","persistentId":"0c396035-78bb-4b02-a933-f893bbb0ca9c","__parent":"SimGroup_","position":[-103.021317,-62.1576157,34.4274025],"isRenderEnabled":false,"rotationMatrix":[0.999946058,0.00691435253,-0.00774854794,-0.00686057145,0.999952316,0.00694606826,0.00779620651,-0.00689253397,0.999945879],"shapeName":"/art/shapes/objects/s_metal_fence.dae","useInstanceRenderData":true}
{"class":"TSStatic","persistentId":"0c64827d-7ba8-4691-ac5a-0bb8384039a6","__parent":"SimGroup_","position":[-97.4774399,-68.0366745,34.7694244],"isRenderEnabled":false,"rotationMatrix":[0.976657212,-0.214803949,0,0.214803949,0.976657212,0,0,0,1],"shapeName":"/levels/ms_s2/art/shapes/objects_hr/pole_metal1.dae","useInstanceRenderData":true}
{"class":"TSStatic","persistentId":"0d07e0c9-45c3-4c68-bad4-d16da02b1560","__parent":"SimGroup_","position":[118.899193,92.5293503,16.7368622],"isRenderEnabled":false,"rotationMatrix":[-0.368630648,0.92957598,0,-0.92957598,-0.368630648,0,0,0,1],"shapeName":"/levels/ms_s2/art/shapes/buildings/italy_construction_site_net.DAE","useInstanceRenderData":true}
{"class":"TSStatic","persistentId":"134cfaa6-4c3d-4316-959b-5f525deb83f8","__parent":"SimGroup_","position":[-179.753403,283.20932,16.8346272],"isRenderEnabled":false,"rotationMatrix":[0.472060502,0.881566167,0,-0.881566167,0.472060502,0,0,0,1],"scale":[1.07372546,1,1],"shapeName":"/levels/ms_s2/art/shapes/buildings/italy_construction_site_net.DAE","useInstanceRenderData":true}
{"class":"TSStatic","persistentId":"13c6dc3d-0ebc-4759-bae8-cb41640d6968","__parent":"SimGroup_","position":[-393.638306,-160.579041,29.2174625],"isRenderEnabled":false,"rotationMatrix":[-0.394994974,-0.91562289,0.0749228373,0.918178499,-0.396165609,-0.000832878053,0.0304444674,0.0684635639,0.997188985],"shapeName":"/art/shapes/objects/s_metal_fence.dae","useInstanceRenderData":true}
{"class":"TSStatic","persistentId":"169f56bb-14a9-4fe1-aa4a-fc7b2cac69db","__parent":"SimGroup_","position":[-152.706207,-221.609726,17.0307465],"isRenderEnabled":false,"shapeName":"/levels/ms_s2/art/shapes/buildings/italy_construction_site_net.DAE","useInstanceRenderData":true}
{"class":"TSStatic","persistentId":"17c557a5-4a8c-4d00-91d3-f6f798c6540e","__parent":"SimGroup_","position":[-358.526154,-147.71666,24.5738792],"isRenderEnabled":false,"rotationMatrix":[0.822023153,-0.567570686,-0.0462752879,0.563416958,0.822420061,-0.0786546543,0.0826998055,0.0385836586,0.995827317],"shapeName":"/art/shapes/objects/s_metal_fence.dae","useInstanceRenderData":true}
{"class":"TSStatic","persistentId":"1b316a95-39c8-4d46-bf5a-433aa40cf339","__parent":"SimGroup_","position":[-104.506638,-72.5474396,34.7694244],"isRenderEnabled":false,"rotationMatrix":[0.976657212,-0.214803949,0,0.214803949,0.976657212,0,0,0,1],"shapeName":"/levels/ms_s2/art/shapes/objects_hr/pole_metal1.dae","useInstanceRenderData":true}
{"class":"TSStatic","persistentId":"1d7c0473-292b-4dde-b4af-b8282f77b7e5","__parent":"SimGroup_","position":[-242.72995,-77.4343033,14.5890617],"isRenderEnabled":false,"rotationMatrix":[0.492482126,-0.870322466,0,0.870322466,0.492482126,0,0,0,1],"shapeName":"/levels/ms_s2/art/shapes/buildings/italy_construction_site_net.DAE","useInstanceRenderData":true}
{"class":"TSStatic","persistentId":"1de3488c-afc0-47df-8684-bf4c2d3b75f8","__parent":"SimGroup_","position":[-111.555534,-70.4601669,34.6129379],"isRenderEnabled":false,"rotationMatrix":[0.976657212,-0.214803949,0,0.214803949,0.976657212,0,0,0,1],"scale":[1.20928955,1.20928955,1.20928955],"shapeName":"/levels/ms_s2/art/shapes/objects_hr/pole_metal1.dae","useInstanceRenderData":true}
{"class":"TSStatic","persistentId":"1f5b7b2b-6cd0-4f5f-ac9f-5fb5855e1627","__parent":"SimGroup_","position":[45.7685471,-416.271912,17.5854321],"isRenderEnabled":false,"rotationMatrix":[0.212748408,0.977107048,0,-0.977107048,0.212748408,0,0,0,1],"shapeName":"/levels/ms_s2/art/shapes/buildings/italy_construction_site_net.DAE","useInstanceRenderData":true}
{"class":"TSStatic","persistentId":"1f735a84-fb1d-4886-b3aa-8cb083db920c","__parent":"SimGroup_","position":[-363.666931,218.823685,20.57934],"isRenderEnabled":false,"rotationMatrix":[-0.90915525,-0.399961919,0.116046727,0.409082621,-0.909890652,0.0689204782,0.0780242831,0.110132128,0.990849674],"shapeName":"/levels/ms_s2/art/shapes/race/sign_checkpoint.dae","useInstanceRenderData":true}
{"class":"TSStatic","persistentId":"2202ee8d-19be-4252-a5a4-f9010f497e83","__parent":"SimGroup_","position":[-114.188377,-34.7430458,33.0336227],"isRenderEnabled":false,"rotationMatrix":[0.999131024,-5.82076609e-11,0.0416794643,0.00132896448,0.999491513,-0.0318576433,-0.0416582748,0.031885352,0.998623013],"shapeName":"/levels/ms_s2/art/shapes/race/sign_finish.dae","useInstanceRenderData":true}
{"class":"TSStatic","persistentId":"2765d25f-5bad-4a49-80fd-dd405af5aa48","__parent":"SimGroup_","position":[-174.969574,286.818481,17.4096928],"isRenderEnabled":false,"rotationMatrix":[-0.795884132,0.605436742,-0.00386870001,-0.605361879,-0.795644879,0.0220527276,0.0102734193,0.019893378,0.999749303],"shapeName":"/levels/ms_s2/art/shapes/race/sign_checkpoint.dae","useInstanceRenderData":true}
{"class":"TSStatic","persistentId":"280472dd-40c5-47df-8721-35ea926f2233","__parent":"SimGroup_","position":[-107.298828,-67.7366867,37.6939087],"isRenderEnabled":false,"rotationMatrix":[0.976657212,-0.214803949,0,0.214803949,0.976657212,0,0,0,1],"scale":[1.20928955,1.20928955,1.20928955],"shapeName":"/levels/ms_s2/art/shapes/objects_hr/gazebo_white.dae","useInstanceRenderData":true}
{"class":"TSStatic","persistentId":"2939ffff-fdee-4bc7-9c2e-a89ff76664cd","__parent":"SimGroup_","position":[508.322784,502.159576,70.1635056],"isRenderEnabled":false,"rotationMatrix":[0.81840682,-0.571527481,0.0597207248,0.572404146,0.819966435,0.0029124599,-0.0506335422,0.031800814,0.998210847],"shapeName":"/levels/ms_s2/art/shapes/objects_hr/pole_metal1.dae","useInstanceRenderData":true}
{"class":"TSStatic","persistentId":"29af0e08-c3f9-4b85-b310-2060f233a5d5","__parent":"SimGroup_","position":[-104.785057,-73.5640869,34.3287163],"isRenderEnabled":false,"rotationMatrix":[0.996926606,-0.0783412904,0,0.0783412904,0.996926606,0,0,0,1],"shapeName":"/art/shapes/objects/s_metal_fence.dae","useInstanceRenderData":true}
{"class":"TSStatic","persistentId":"2dda5bd4-3974-40ad-9c10-627d7d7b6af4","__parent":"SimGroup_","position":[-240.637802,-81.940918,14.5890617],"isRenderEnabled":false,"rotationMatrix":[0.151311576,-0.988485992,0,0.988485992,0.151311576,0,0,0,1],"shapeName":"/levels/ms_s2/art/shapes/buildings/italy_construction_site_net.DAE","useInstanceRenderData":true}
{"class":"TSStatic","persistentId":"2eb558f3-11f9-4267-8e4a-6b29ace4caa7","__parent":"SimGroup_","position":[-350.087341,-144.675186,24.3162632],"isRenderEnabled":false,"rotationMatrix":[-0.0390063524,-0.998506665,-0.0382474214,0.998623729,-0.0376108885,-0.0365506522,0.0350575522,-0.0396204926,0.998599589],"shapeName":"/art/shapes/objects/s_metal_fence.dae","useInstanceRenderData":true}
{"class":"TSStatic","persistentId":"2ebe023e-e5a5-4fa3-aecf-8734b468d06e","__parent":"SimGroup_","position":[-103.136147,-64.8809128,34.3868179],"isRenderEnabled":false,"rotationMatrix":[0.998647213,-0.0519970469,2.91038305e-10,0.0519706123,0.998139501,0.0318833925,-0.00165784266,-0.0318402611,0.999491572],"shapeName":"/art/shapes/objects/s_metal_fence.dae","useInstanceRenderData":true}
{"class":"TSStatic","persistentId":"2eed3583-a235-4d9e-8e6b-80a564a92c0a","__parent":"SimGroup_","position":[46.2616386,-423.642365,17.5854454],"isRenderEnabled":false,"rotationMatrix":[0.095516026,-0.995427847,0,0.995427847,0.095516026,0,0,0,1],"shapeName":"/levels/ms_s2/art/shapes/buildings/italy_construction_site_net_folded.DAE","useInstanceRenderData":true}
{"class":"TSStatic","persistentId":"3448ab50-4944-403e-a604-fa8a299bbad8","__parent":"SimGroup_","position":[-244.185959,-75.4284592,14.5890617],"isRenderEnabled":false,"rotationMatrix":[0.587435722,-0.809270859,0,0.809270859,0.587435722,0,0,0,1],"shapeName":"/levels/ms_s2/art/shapes/buildings/italy_construction_site_net.DAE","useInstanceRenderData":true}
{"class":"TSStatic","persistentId":"37e3ad24-f3b8-45f2-b063-eae2ab3db897","__parent":"SimGroup_","position":[-102.815269,-66.9112549,34.3381424],"isRenderEnabled":false,"rotationMatrix":[0.71386826,0.700279951,0,-0.700279951,0.71386826,0,0,0,1],"shapeName":"/art/shapes/garage_and_dealership/Clutter/plastic_can_big.DAE","useInstanceRenderData":true}
{"class":"TSStatic","persistentId":"3a71169b-0a99-4aeb-8e41-1e423338256c","__parent":"SimGroup_","position":[123.754211,103.600044,16.7368622],"isRenderEnabled":false,"rotationMatrix":[0.995160103,-0.0982665569,0,0.0982665569,0.995160103,0,0,0,1],"shapeName":"/levels/ms_s2/art/shapes/buildings/italy_construction_site_net.DAE","useInstanceRenderData":true}
{"class":"TSStatic","persistentId":"3a927bdd-8a4d-4151-9fbd-87acc14d1c6e","__parent":"SimGroup_","position":[-110.022499,-63.4729691,34.6129379],"isRenderEnabled":false,"rotationMatrix":[0.976657212,-0.214803949,0,0.214803949,0.976657212,0,0,0,1],"scale":[1.20928955,1.20928955,1.20928955],"shapeName":"/levels/ms_s2/art/shapes/objects_hr/pole_metal1.dae","useInstanceRenderData":true}
{"class":"TSStatic","persistentId":"3bfaf70b-bfdb-443d-ad13-75d3985413a6","__parent":"SimGroup_","position":[-140.738586,-219.293335,17.0307465],"isRenderEnabled":false,"rotationMatrix":[0.524765134,0.851246953,0,-0.851246953,0.524765134,0,0,0,1],"shapeName":"/levels/ms_s2/art/shapes/buildings/italy_construction_site_net.DAE","useInstanceRenderData":true}
{"class":"TSStatic","persistentId":"3f90c9f5-9400-4dab-b2ff-f9900032fdde","__parent":"SimGroup_","position":[-236.515839,-93.5203552,14.5884161],"isRenderEnabled":false,"rotationMatrix":[0.221592665,-0.975139201,0,0.975139201,0.221592665,0,0,0,1],"shapeName":"/levels/ms_s2/art/shapes/buildings/italy_construction_site_net_folded.DAE","useInstanceRenderData":true}
{"class":"TSStatic","persistentId":"4007241a-1029-4fe7-807a-677bb086bcde","__parent":"SimGroup_","position":[-143.396042,-208.800247,17.0307465],"isRenderEnabled":false,"rotationMatrix":[-0.797331929,0.603540599,0,-0.603540599,-0.797331929,0,0,0,1],"shapeName":"/levels/ms_s2/art/shapes/buildings/italy_construction_site_net.DAE","useInstanceRenderData":true}
{"class":"TSStatic","persistentId":"4014f7f5-93c5-4545-b440-a64ba43570be","__parent":"SimGroup_","position":[121.274323,103.349953,16.7368622],"isRenderEnabled":false,"rotationMatrix":[0.994953334,0.100338727,0,-0.100338727,0.994953334,0,0,0,1],"shapeName":"/levels/ms_s2/art/shapes/buildings/italy_construction_site_net.DAE","useInstanceRenderData":true}
{"class":"TSStatic","persistentId":"41e11d97-9252-4856-9028-143dde907c05","__parent":"SimGroup_","position":[-147.721695,-221.47403,17.0307465],"isRenderEnabled":false,"rotationMatrix":[0.99485153,0.101342879,0,-0.101342879,0.99485153,0,0,0,1],"shapeName":"/levels/ms_s2/art/shapes/buildings/italy_construction_site_net.DAE","useInstanceRenderData":true}
{"class":"TSStatic","persistentId":"427a50cb-175a-47a4-9145-9c33fa1a55e4","__parent":"SimGroup_","position":[504.091766,501.495178,72.5223846],"isRenderEnabled":false,"rotationMatrix":[0.81840682,-0.571527481,0.0597207248,0.572404146,0.819966435,0.0029124599,-0.0506335422,0.031800814,0.998210847],"shapeName":"/levels/ms_s2/art/shapes/objects_hr/gazebo_striped_red.dae","useInstanceRenderData":true}
{"class":"TSStatic","persistentId":"44aebb82-a167-47b7-846b-977d313d15c8","__parent":"SimGroup_","position":[-258.890076,-402.927277,24.4773769],"isRenderEnabled":false,"rotationMatrix":[0.622442603,-0.778910279,-0.07657592,0.781204104,0.624275684,0,0.0478044823,-0.0598214269,0.997063756],"shapeName":"/levels/ms_s2/art/shapes/buildings/italy_construction_site_net.DAE","useInstanceRenderData":true}
{"class":"TSStatic","persistentId":"453d2235-6cd5-4936-a8ed-f5ad435e691e","__parent":"SimGroup_","position":[-451.934113,-170.270065,38.1563835],"isRenderEnabled":false,"rotationMatrix":[-0.897095203,-0.439681619,0.0435866416,0.435761899,-0.896747589,-0.0771682262,0.0730156824,-0.050233867,0.996064901],"shapeName":"/art/shapes/objects/s_metal_fence.dae","useInstanceRenderData":true}
{"class":"TSStatic","persistentId":"457bbb17-ff32-47e0-ba7a-8e2187793ff7","__parent":"SimGroup_","position":[-372.114136,-305.595001,34.2157326],"isRenderEnabled":false,"rotationMatrix":[-0.681534886,-0.731326461,-0.0259103104,0.731708646,-0.681548715,-0.00966153666,-0.0105934069,-0.0255434774,0.999617577],"shapeName":"/levels/ms_s2/art/shapes/race/sign_checkpoint.dae","useInstanceRenderData":true}
{"class":"TSStatic","persistentId":"46626205-fc9d-47d3-9ef6-0b48764751c2","__parent":"SimGroup_","position":[-30.0262489,191.757401,14.88274],"isRenderEnabled":false,"rotationMatrix":[0.195908427,-0.980621994,0,0.980621994,0.195908427,0,0,0,1],"shapeName":"/levels/ms_s2/art/shapes/buildings/italy_construction_site_net.DAE","useInstanceRenderData":true}
{"class":"TSStatic","persistentId":"4663ebfb-64e7-4e31-b1e4-a71ba61d3945","__parent":"SimGroup_","position":[501.049194,495.723511,72.4392548],"isRenderEnabled":false,"rotationMatrix":[0.893617213,-0.447734863,0.0313327722,0.447954804,0.894056201,0,-0.0280132592,0.0140356692,0.999509037],"shapeName":"/levels/ms_s2/art/shapes/objects_hr/gazebo_red.dae","useInstanceRenderData":true}
{"class":"TSStatic","persistentId":"4828267d-7a27-4586-8b68-afd1f14f718f","__parent":"SimGroup_","position":[-244.17424,-75.4276047,14.5884161],"isRenderEnabled":false,"rotationMatrix":[-0.52700448,0.849862337,0,-0.849862337,-0.52700448,0,0,0,1],"shapeName":"/levels/ms_s2/art/shapes/buildings/italy_construction_site_net_folded.DAE","useInstanceRenderData":true}
{"class":"TSStatic","persistentId":"486a8c8b-f12c-4af7-8ce0-e14adeaeea85","__parent":"SimGroup_","position":[45.6090584,-418.742493,17.5854321],"isRenderEnabled":false,"rotationMatrix":[0.0644204021,0.997922719,0,-0.997922719,0.0644204021,0,0,0,1],"shapeName":"/levels/ms_s2/art/shapes/buildings/italy_construction_site_net.DAE","useInstanceRenderData":true}
{"class":"TSStatic","persistentId":"4ade1e8f-51f6-47e3-9b1d-53e8fccebf79","__parent":"SimGroup_","position":[497.414001,497.345459,69.3219986],"isRenderEnabled":false,"rotationMatrix":[0.77070719,-0.636806428,0.0220928676,0.636961877,0.770895362,-4.65661287e-10,-0.0170312896,0.014072312,0.999755919],"shapeName":"/levels/ms_s2/art/shapes/race/race_rally_finish_checkpoint_red.dae","useInstanceRenderData":true}
{"class":"TSStatic","persistentId":"4bec635f-903b-432c-9331-bdad3c518a0f","__parent":"SimGroup_","position":[46.2973175,-413.843384,17.5854321],"isRenderEnabled":false,"rotationMatrix":[0.343950868,0.938987494,0,-0.938987494,0.343950868,0,0,0,1],"shapeName":"/levels/ms_s2/art/shapes/buildings/italy_construction_site_net.DAE","useInstanceRenderData":true}
{"class":"TSStatic","persistentId":"4e8aeba3-bbc6-4822-83dd-a71f0e5ee6f5","__parent":"SimGroup_","position":[-98.7451706,-73.8146133,34.7694244],"isRenderEnabled":false,"rotationMatrix":[0.976657212,-0.214803949,0,0.214803949,0.976657212,0,0,0,1],"shapeName":"/levels/ms_s2/art/shapes/objects_hr/pole_metal1.dae","useInstanceRenderData":true}
{"class":"TSStatic","persistentId":"4f91840d-64f6-401f-ac98-13d6fa4e4026","__parent":"SimGroup_","position":[-238.864716,-89.1533127,14.5890617],"isRenderEnabled":false,"rotationMatrix":[0.544556856,-0.838723838,0,0.838723838,0.544556856,0,0,0,1],"shapeName":"/levels/ms_s2/art/shapes/buildings/italy_construction_site_net.DAE","useInstanceRenderData":true}
{"class":"TSStatic","persistentId":"4fdb7907-3940-4857-94aa-945c99dae6c9","__parent":"SimGroup_","position":[-407.61554,-269.545471,35.1532745],"isRenderEnabled":false,"rotationMatrix":[-0.74186635,-0.670468807,0.0102818804,0.670547247,-0.741796017,0.0102437176,0.0007589655,0.0144939572,0.999894679],"shapeName":"/art/shapes/objects/s_metal_fence.dae","useInstanceRenderData":true}
{"class":"TSStatic","persistentId":"50ec0f2b-1b48-4641-92a7-3fa656c0ec2b","__parent":"SimGroup_","position":[-139.12355,-214.695007,17.0307465],"isRenderEnabled":false,"rotationMatrix":[-0.327338219,0.944907069,0,-0.944907069,-0.327338219,0,0,0,1],"shapeName":"/levels/ms_s2/art/shapes/buildings/italy_construction_site_net.DAE","useInstanceRenderData":true}
{"class":"TSStatic","persistentId":"53a24fca-2e61-4b2c-b60a-d0c6149b8d0a","__parent":"SimGroup_","position":[-453.317352,-94.6094055,35.2550926],"isRenderEnabled":false,"rotationMatrix":[0.995538414,0.0782896653,-0.0526687093,-0.0843201503,0.988668025,-0.124200031,0.0423482917,0.128086939,0.990858376],"scale":[0.5,0.5,0.5],"shapeName":"/levels/ms_s2/art/shapes/race/sign_arrows.dae","useInstanceRenderData":true}
{"class":"TSStatic","persistentId":"53bc7886-f899-4692-be60-aa3d24643cfa","__parent":"SimGroup_","position":[-407.809113,311.00943,19.3550167],"isRenderEnabled":false,"rotationMatrix":[0.521846771,0.853039205,0,-0.853039205,0.521846771,0,0,0,1],"shapeName":"/levels/ms_s2/art/shapes/buildings/italy_construction_site_net.DAE","useInstanceRenderData":true}
{"class":"TSStatic","persistentId":"546477b1-3244-4312-ab7d-2a38519d5271","__parent":"SimGroup_","position":[498.830048,498.874542,69.3901138],"isRenderEnabled":false,"rotationMatrix":[0.802315831,-0.596899688,4.65661287e-10,0.596722424,0.802077472,-0.0243728012,0.0145481192,0.0195546821,0.99970293],"shapeName":"/art/shapes/objects/s_metal_fence.dae","useInstanceRenderData":true}
{"class":"TSStatic","persistentId":"54f1a1e3-8064-4473-b043-d8d88c72bce9","__parent":"SimGroup_","position":[-104.353271,-78.3500443,34.3287163],"isRenderEnabled":false,"rotationMatrix":[0.569349408,0.822095633,0,-0.822095633,0.569349408,0,0,0,1],"shapeName":"/art/shapes/objects/s_metal_fence.dae","useInstanceRenderData":true}
{"class":"TSStatic","persistentId":"593822b9-a1ee-4965-9aa1-ad2ec917da5e","__parent":"SimGroup_","position":[503.494873,505.531097,69.811203],"isRenderEnabled":false,"rotationMatrix":[0.81840682,-0.571527481,0.0597207248,0.572404146,0.819966435,0.0029124599,-0.0506335422,0.031800814,0.998210847],"shapeName":"/levels/ms_s2/art/shapes/objects_hr/pole_metal1.dae","useInstanceRenderData":true}
{"class":"TSStatic","persistentId":"59cbabeb-0f18-41c7-a1c4-cbc67e362f37","__parent":"SimGroup_","position":[-241.504532,-79.5998917,14.5890617],"isRenderEnabled":false,"rotationMatrix":[0.347201645,-0.937790453,0,0.937790453,0.347201645,0,0,0,1],"shapeName":"/levels/ms_s2/art/shapes/buildings/italy_construction_site_net.DAE","useInstanceRenderData":true}
{"class":"TSStatic","persistentId":"5a13e0a1-6e63-4d8c-ada7-e036f1c5dc7d","__parent":"SimGroup_","position":[-182.040192,278.314148,16.8441124],"isRenderEnabled":false,"rotationMatrix":[-0.997598648,-0.069257468,0,0.069257468,-0.997598648,0,0,0,1],"shapeName":"/levels/ms_s2/art/shapes/buildings/italy_construction_site_net_rolled.DAE","useInstanceRenderData":true}
{"class":"TSStatic","persistentId":"5c7deb43-6807-4424-a116-2b811e2ddd78","__parent":"SimGroup_","position":[45.8139496,-421.20108,17.5854321],"isRenderEnabled":false,"rotationMatrix":[-0.0830489397,0.996545672,0,-0.996545672,-0.0830489397,0,0,0,1],"shapeName":"/levels/ms_s2/art/shapes/buildings/italy_construction_site_net.DAE","useInstanceRenderData":true}
{"class":"TSStatic","persistentId":"5ca8e5b9-811b-44ee-bd3b-261d76ab29bc","__parent":"SimGroup_","position":[-451.703857,-172.875916,38.062252],"isRenderEnabled":false,"rotationMatrix":[-0.939116597,0.308252215,0.151791051,-0.307267249,-0.951134324,0.0304992497,0.153775141,-0.0179980658,0.987941921],"shapeName":"/art/shapes/objects/s_metal_fence.dae","useInstanceRenderData":true}
{"class":"TSStatic","persistentId":"5cee99d5-cda9-4cfa-a132-ae0492ccfa43","__parent":"SimGroup_","position":[117.651169,97.3147049,16.7368622],"isRenderEnabled":false,"rotationMatrix":[0.14893055,0.988847733,0,-0.988847733,0.14893055,0,0,0,1],"shapeName":"/levels/ms_s2/art/shapes/buildings/italy_construction_site_net.DAE","useInstanceRenderData":true}
{"class":"TSStatic","persistentId":"5d065e70-ce28-4f4a-ac12-294b92a2b557","__parent":"SimGroup_","position":[-103.763298,-65.9122238,35.1361008],"collisionType":"None","decalType":"None","isRenderEnabled":false,"rotationMatrix":[-0.173396468,-0.984851956,2.08616257e-07,8.94069672e-08,2.98023224e-07,0.999999881,-0.984851956,0.173396617,1.78813934e-07],"scale":[0.25034371,0.25034371,0.25034371],"shapeName":"/levels/ms_s2/art/shapes/buildings/charging_station_b.DAE","useInstanceRenderData":true}
{"class":"TSStatic","persistentId":"5d345bf7-e2dd-46db-8f38-407bf4189637","__parent":"SimGroup_","position":[-342.004883,-201.988724,26.6191101],"isRenderEnabled":false,"rotationMatrix":[0.546834767,-0.836884975,0.0243976042,0.837218404,0.546799898,-0.0086707389,-0.00608419348,0.0251675844,0.999664724],"shapeName":"/art/shapes/objects/s_metal_fence.dae","useInstanceRenderData":true}
{"class":"TSStatic","persistentId":"5d9f7f8a-7f00-4e4b-ace7-9b77c83e2eb0","__parent":"SimGroup_","position":[-454.164093,-94.7763214,34.5413551],"isRenderEnabled":false,"rotationMatrix":[0.103608549,-0.98606497,0.130158022,0.994487107,0.100579917,-0.0296486765,0.0161442347,0.132512331,0.991049886],"shapeName":"/art/shapes/objects/s_metal_fence.dae","useInstanceRenderData":true}
{"class":"TSStatic","persistentId":"5e716404-abb9-4cd2-8a1f-7b7c0ea70011","__parent":"SimGroup_","position":[-150.210602,-221.609726,17.0307465],"isRenderEnabled":false,"rotationMatrix":[0.998516977,0.0544413477,0,-0.0544413477,0.998516977,0,0,0,1],"shapeName":"/levels/ms_s2/art/shapes/buildings/italy_construction_site_net.DAE","useInstanceRenderData":true}
{"class":"TSStatic","persistentId":"5edac597-1cb7-471e-9512-69e307da2088","__parent":"SimGroup_","position":[128.615997,102.679787,16.7340202],"isRenderEnabled":false,"rotationMatrix":[0.947635114,-0.31935516,0,0.31935516,0.947635114,0,0,0,1],"shapeName":"/levels/ms_s2/art/shapes/buildings/italy_construction_site_net_folded.DAE","useInstanceRenderData":true}
{"class":"TSStatic","persistentId":"5eee2c66-a0bf-4a15-9092-e6e44b628467","__parent":"SimGroup_","position":[-29.3697567,186.841385,14.88274],"isRenderEnabled":false,"rotationMatrix":[-0.106359601,-0.994327307,0,0.994327307,-0.106359601,0,0,0,1],"shapeName":"/levels/ms_s2/art/shapes/buildings/italy_construction_site_net.DAE","useInstanceRenderData":true}
{"class":"TSStatic","persistentId":"5f5763de-4d59-482e-828f-642933989692","__parent":"SimGroup_","position":[-170.374176,283.781921,17.4273853],"isRenderEnabled":false,"rotationMatrix":[-0.887060404,0.461223215,-0.0199302472,-0.461399525,-0.887177706,0.00513325259,-0.0153140947,0.0137493107,0.999788225],"shapeName":"/levels/ms_s2/art/shapes/race/sign_checkpoint.dae","useInstanceRenderData":true}
{"class":"TSStatic","persistentId":"5fee0c8a-dbee-4e15-bbbf-9c6d4a8b7e35","__parent":"SimGroup_","position":[308.503998,268.174164,37.4314384],"isRenderEnabled":false,"rotationMatrix":[-0.981391668,-0.187816843,-0.0399373621,0.182004943,-0.976163626,0.11823076,-0.0611911342,0.108761892,0.992182672],"shapeName":"/levels/ms_s2/art/shapes/race/sign_checkpoint.dae","useInstanceRenderData":true}
{"class":"TSStatic","persistentId":"61e52c0f-2bd8-4929-9bf3-ace221176618","__parent":"SimGroup_","position":[348.760498,-166.732208,53.3645096],"isRenderEnabled":false,"rotationMatrix":[-0.536437511,0.838287711,-0.0975095034,-0.843662977,-0.535629272,0.0365199856,-0.0216146968,0.101855859,0.994564295],"shapeName":"/levels/ms_s2/art/shapes/race/sign_checkpoint.dae","useInstanceRenderData":true}
{"class":"TSStatic","persistentId":"629511eb-08df-40e7-8c7d-294d9db9081f","__parent":"SimGroup_","position":[54.3353195,-431.539856,18.1514244],"isRenderEnabled":false,"rotationMatrix":[0.997970223,-0.057130374,0.0281349812,0.056714721,0.9982723,0.0153569849,-0.0289637242,-0.0137301451,0.999486148],"shapeName":"/levels/ms_s2/art/shapes/race/sign_checkpoint.dae","useInstanceRenderData":true}
{"class":"TSStatic","persistentId":"63eb02fc-5e35-40e8-ad29-854ba79a6990","__parent":"SimGroup_","position":[313.743561,269.64975,37.4600792],"isRenderEnabled":false,"rotationMatrix":[-0.902018785,-0.423559487,0.0834205896,0.430458844,-0.897100925,0.0995716006,0.0326622091,0.125724614,0.991527379],"shapeName":"/levels/ms_s2/art/shapes/race/sign_checkpoint.dae","useInstanceRenderData":true}
{"class":"TSStatic","persistentId":"68806f6d-01b0-42e5-be47-214f56c02190","__parent":"SimGroup_","position":[164.430832,91.5649033,18.9432278],"isRenderEnabled":false,"rotationMatrix":[-0.412296295,-0.908984661,-0.0613081492,0.905201077,-0.416333795,0.0853061378,-0.103066623,-0.0203248076,0.994466782],"shapeName":"/levels/ms_s2/art/shapes/race/sign_checkpoint.dae","useInstanceRenderData":true}
{"class":"TSStatic","persistentId":"6b4fd210-9644-432d-a07f-1a6e3a6e869f","__parent":"SimGroup_","position":[-109.372597,-65.0854721,34.3451691],"collisionType":"None","decalType":"None","isRenderEnabled":false,"rotationMatrix":[-0.990365982,0.138472736,0,-0.138472736,-0.990365982,0,0,0,1],"scale":[0.522900343,0.522900343,0.522900343],"shapeName":"/art/shapes/objects/s_standinglight_01.dae","useInstanceRenderData":true}
{"class":"TSStatic","persistentId":"6c666c7d-28e1-4cb8-a095-3f518843066f","__parent":"SimGroup_","position":[497.156769,494.367889,69.8001862],"isRenderEnabled":false,"rotationMatrix":[0.893617213,-0.447734863,0.0313327722,0.447954804,0.894056201,0,-0.0280132592,0.0140356692,0.999509037],"shapeName":"/levels/ms_s2/art/shapes/objects_hr/pole_metal1.dae","useInstanceRenderData":true}
{"class":"TSStatic","persistentId":"6d77d15d-91ca-4933-9e63-405589ad64b9","__parent":"SimGroup_","position":[-451.350708,-94.6077728,34.4719238],"isRenderEnabled":false,"rotationMatrix":[-0.103672266,-0.986006737,0.130549327,0.994278908,-0.106136322,-0.0120414346,0.0257289298,0.128554046,0.991368711],"shapeName":"/art/shapes/objects/s_metal_fence.dae","useInstanceRenderData":true}
{"class":"TSStatic","persistentId":"6ebc6828-7e38-489e-b954-6717268b3ea5","__parent":"SimGroup_","position":[-453.566223,-168.076523,38.3394318],"isRenderEnabled":false,"rotationMatrix":[-0.687596798,-0.71908462,0.100635648,0.71961081,-0.693359494,-0.037582241,0.0968015194,0.0465770662,0.994213283],"shapeName":"/art/shapes/objects/s_metal_fence.dae","useInstanceRenderData":true}
{"class":"TSStatic","persistentId":"734fa9dd-f6ff-47f9-b0ba-b7f1dad48630","__parent":"SimGroup_","position":[-109.758293,-65.5028687,34.3444824],"isRenderEnabled":false,"rotationMatrix":[0.998559117,-0.0536626615,0,0.0536626615,0.998559117,0,0,0,1],"shapeName":"/levels/ms_s2/art/shapes/race/race_rally_finish_checkpoint_red.dae","useInstanceRenderData":true}
{"class":"TSStatic","persistentId":"7537c0f9-a3bc-4fd6-9cc9-b5700ff2c87b","__parent":"SimGroup_","position":[-101.982628,-67.6864624,34.3136368],"isRenderEnabled":false,"rotationMatrix":[-0.225326657,-0.974283218,0,0.974283218,-0.225326657,0,0,0,1],"scale":[1.08046865,1.08046865,1.08046865],"shapeName":"/levels/ms_s2/art/shapes/buildings/italy_clutter_plastic_chair_a.DAE","useInstanceRenderData":true}
{"class":"TSStatic","persistentId":"762b397c-4f8e-4438-b17b-6830bca8667f","__parent":"SimGroup_","position":[-181.962082,278.342987,16.8346272],"isRenderEnabled":false,"rotationMatrix":[0.392124653,0.919912159,0,-0.919912159,0.392124653,0,0,0,1],"scale":[1.07372546,1,1],"shapeName":"/levels/ms_s2/art/shapes/buildings/italy_construction_site_net.DAE","useInstanceRenderData":true}
{"class":"TSStatic","persistentId":"767dfdcf-b07c-40b1-b851-af9c668fafa2","__parent":"SimGroup_","position":[502.428345,491.726624,69.9850235],"isRenderEnabled":false,"rotationMatrix":[0.893617213,-0.447734863,0.0313327722,0.447954804,0.894056201,0,-0.0280132592,0.0140356692,0.999509037],"shapeName":"/levels/ms_s2/art/shapes/objects_hr/pole_metal1.dae","useInstanceRenderData":true}
