{"name":"SimGroup_","class":"SimGroup","persistentId":"50e950f0-74f7-4ec0-a47d-4c6d6327ddef","groupPosition":"0 0 0"}
{"class":"TSStatic","persistentId":"00240607-29c1-4c2d-95cb-4759447745bd","__parent":"SimGroup_","position":[1103.10388,-4483.06689,1531.5675],"isRenderEnabled":false,"rotationMatrix":[-0.35554266,0.934286773,-0.0264149457,-0.934350789,-0.354556084,0.0357574075,0.0240420923,0.0373941064,0.999011338],"shapeName":"/art/aipacenotes/bng_copies/cone.dae","useInstanceRenderData":true}
{"class":"TSStatic","persistentId":"0175e8a6-3f2f-4a5f-9e11-5cd84b306fda","__parent":"SimGroup_","position":[1077.37024,-4494.24219,1531.46667],"isRenderEnabled":false,"rotationMatrix":[0.359962881,-0.932732284,0.0209122673,0.932683647,0.360315323,0.0165558886,-0.0229772218,0.0135450233,0.99964422],"shapeName":"/art/aipacenotes/bng_copies/cone.dae","useInstanceRenderData":true}
{"class":"TSStatic","persistentId":"01fc4918-cd36-4f67-b7ca-efc377901bbb","__parent":"SimGroup_","position":[1077.40967,-4501.46143,1531.60388],"isRenderEnabled":false,"rotationMatrix":[0.308901548,-0.947726667,-0.0799625665,0.950986207,0.309038699,0.0109658912,0.0143188611,-0.079430677,0.99673754],"shapeName":"/art/aipacenotes/bng_copies/cone.dae","useInstanceRenderData":true}
{"class":"TSStatic","persistentId":"0220ff58-0d90-4211-943c-6447dc138b08","__parent":"SimGroup_","position":[892.436462,-4361.2583,1514.33044],"isRenderEnabled":false,"rotationMatrix":[-0.985915542,0.167245775,0,-0.167245775,-0.985915542,0,0,0,1],"shapeName":"/art/aipacenotes/rally/signboards/signboard_finish_entry.dae","useInstanceRenderData":true}
{"class":"TSStatic","persistentId":"04d93dfa-e8dc-4316-8686-9e6ee9a21b4c","__parent":"SimGroup_","position":[1067.10376,-4503.91553,1531.39197],"isRenderEnabled":false,"rotationMatrix":[0.181291819,-0.982987106,0.0294907093,0.982940495,0.182065606,0.0260782335,-0.0310038105,0.0242598411,0.999224782],"shapeName":"/art/aipacenotes/bng_copies/cone.dae","useInstanceRenderData":true}
{"class":"TSStatic","persistentId":"0dac8546-16e4-4457-ae40-0d476e72f40f","__parent":"SimGroup_","position":[1142.86292,-4481.74951,1530.72986],"isRenderEnabled":false,"rotationMatrix":[-0.0766551495,0.99434334,-0.0735200271,-0.99683243,-0.0748621225,0.0268460531,0.0211903304,0.0753450394,0.996932328],"shapeName":"/art/aipacenotes/bng_copies/cone.dae","useInstanceRenderData":true}
{"class":"TSStatic","persistentId":"0ddbb959-124a-421c-a27e-d4732990d6a5","__parent":"SimGroup_","position":[1617.43994,4502.3208,94.7657089],"isRenderEnabled":false,"rotationMatrix":[0.345793128,-0.938310862,0,0.938310862,0.345793128,0,0,0,1],"shapeName":"/art/aipacenotes/bng_copies/s_laptop.dae","useInstanceRenderData":true}
{"class":"TSStatic","persistentId":"0f15cd08-20db-4ea5-a2db-c0357e0d18fd","__parent":"SimGroup_","position":[1155.06946,-4474.00293,1529.98169],"isRenderEnabled":false,"rotationMatrix":[-0.332566142,0.94307971,0.000657901168,-0.942224145,-0.332293868,0.0423614718,0.0401688628,0.0134680951,0.999102116],"shapeName":"/art/aipacenotes/bng_copies/cone.dae","useInstanceRenderData":true}
{"class":"TSStatic","persistentId":"147008ff-056b-4a68-b7bd-bb06cb2140e4","__parent":"SimGroup_","position":[1630.99353,4470.07666,93.8190842],"isRenderEnabled":false,"rotationMatrix":[-0.996507764,-0.0835045204,0,0.0835045204,-0.996507764,0,0,0,1],"shapeName":"/art/aipacenotes/rally/signboards/signboard_end_of_area.dae","useInstanceRenderData":true}
{"class":"TSStatic","persistentId":"14e2d643-58eb-4a2d-9081-8f1f01472e58","__parent":"SimGroup_","position":[1134.21973,-4477.50195,1530.78967],"isRenderEnabled":false,"rotationMatrix":[-0.108233571,0.993510604,-0.0349612832,-0.994074225,-0.107803702,0.0139591936,0.0100996504,0.0362649634,0.999291182],"shapeName":"/art/aipacenotes/bng_copies/cone.dae","useInstanceRenderData":true}
{"class":"TSStatic","persistentId":"195eae5d-30e8-47d9-aaf0-f2db9fceb69f","__parent":"SimGroup_","position":[1617.51245,4502.06445,94.2817917],"isRenderEnabled":false,"rotationMatrix":[-0.255395174,0.966836989,0,-0.966836989,-0.255395174,0,0,0,1],"shapeName":"/art/aipacenotes/bng_copies/s_office_bench.dae","useInstanceRenderData":true}
{"class":"TSStatic","persistentId":"2a50b536-476d-439e-bc85-60fbcf9e451b","__parent":"SimGroup_","position":[1118.375,-4478.79102,1531.15356],"isRenderEnabled":false,"rotationMatrix":[-0.118129373,0.992751956,-0.0221093446,-0.992478371,-0.117317915,0.0349722952,0.0321249962,0.0260743033,0.99914372],"shapeName":"/art/aipacenotes/bng_copies/cone.dae","useInstanceRenderData":true}
{"class":"TSStatic","persistentId":"2aa61638-25b7-40df-93e3-8e52e18a268e","__parent":"SimGroup_","position":[1127.04443,-4483.33496,1531.12061],"isRenderEnabled":false,"rotationMatrix":[-0.110500693,0.993215203,-0.0362360999,-0.993591309,-0.109523058,0.0279438775,0.0237855967,0.0390916914,0.998952508],"shapeName":"/art/aipacenotes/bng_copies/cone.dae","useInstanceRenderData":true}
{"class":"TSStatic","persistentId":"2ef3b4be-10d6-4993-83a9-3a074ffa5f6d","__parent":"SimGroup_","position":[1148.13928,-4481.26416,1530.58508],"isRenderEnabled":false,"rotationMatrix":[-0.126200318,0.987281501,-0.0966889039,-0.991686642,-0.123090982,0.0374994576,0.025120981,0.100617543,0.994607985],"shapeName":"/art/aipacenotes/bng_copies/cone.dae","useInstanceRenderData":true}
{"class":"TSStatic","persistentId":"30ff3dba-b2d7-4f47-9cdd-8f1867ecf337","__parent":"SimGroup_","position":[1015.20923,-4506.68652,1528.30066],"isRenderEnabled":false,"rotationMatrix":[0.0430295467,-0.999073982,0,0.999073982,0.0430295467,0,0,0,1],"shapeName":"/art/aipacenotes/rally/signboards/signboard_finish.dae","useInstanceRenderData":true}
{"class":"TSStatic","persistentId":"3564e898-61ad-4e60-88c2-659fbcba2df0","__parent":"SimGroup_","position":[1128.93872,-4477.94287,1530.90601],"isRenderEnabled":false,"rotationMatrix":[-0.0635287762,0.997700572,-0.0236146748,-0.997778893,-0.0630230904,0.0215743054,0.0200364254,0.024932811,0.999488294],"shapeName":"/art/aipacenotes/bng_copies/cone.dae","useInstanceRenderData":true}
{"class":"TSStatic","persistentId":"3ac284fc-7a90-482c-baac-cd3100e26928","__parent":"SimGroup_","position":[1101.70789,-4490.64258,1531.72632],"isRenderEnabled":false,"rotationMatrix":[-0.357284784,0.933572471,-0.028106289,-0.933993995,-0.357175708,0.00898071099,-0.00165473856,0.0294597782,0.999564588],"shapeName":"/art/aipacenotes/bng_copies/cone.dae","useInstanceRenderData":true}
{"class":"TSStatic","persistentId":"3e34ff2d-3543-4bf2-ab5f-a3d64a715c7c","__parent":"SimGroup_","position":[1623.12073,4468.03223,93.4534073],"isRenderEnabled":false,"rotationMatrix":[-0.996507764,-0.0835045204,0,0.0835045204,-0.996507764,0,0,0,1],"shapeName":"/art/aipacenotes/rally/signboards/signboard_end_of_area.dae","useInstanceRenderData":true}
{"class":"TSStatic","persistentId":"41d56ed2-a658-4558-8aa0-0300e799644c","__parent":"SimGroup_","position":[1061.87976,-4504.8042,1531.25195],"isRenderEnabled":false,"rotationMatrix":[0.156350553,-0.986748874,0.0433732197,0.987000048,0.157743692,0.030788675,-0.0372225419,0.0379955396,0.99858439],"shapeName":"/art/aipacenotes/bng_copies/cone.dae","useInstanceRenderData":true}
{"class":"TSStatic","persistentId":"450bb807-03db-468a-87ad-cdf0ed073b15","__parent":"SimGroup_","position":[1108.0929,-4481.28223,1531.41943],"isRenderEnabled":false,"rotationMatrix":[-0.31837523,0.947831213,-0.0159118474,-0.947877586,-0.318073392,0.0189072918,0.0128597878,0.021102095,0.999694645],"shapeName":"/art/aipacenotes/bng_copies/cone.dae","useInstanceRenderData":true}
{"class":"TSStatic","persistentId":"4ac9f7ab-8afc-42b5-8b19-27cbe65936b4","__parent":"SimGroup_","position":[-1468.65967,-555.394409,724.297852],"isRenderEnabled":false,"rotationMatrix":[-0.415325284,0.909673214,0,-0.909673214,-0.415325284,0,0,0,1],"shapeName":"/art/aipacenotes/bng_copies/constructionbarrier_arrows.dae","useInstanceRenderData":true}
{"class":"TSStatic","persistentId":"4c6a24a5-e1ce-427c-a7fc-191b892a838d","__parent":"SimGroup_","position":[1091.87109,-4487.7207,1531.63428],"isRenderEnabled":false,"rotationMatrix":[0.430043697,-0.902650237,0.0168782938,0.90250802,0.430307627,0.0177377816,-0.0232738722,0.00760477455,0.999700189],"shapeName":"/art/aipacenotes/bng_copies/cone.dae","useInstanceRenderData":true}
{"class":"TSStatic","persistentId":"5211be74-23dd-42a4-a366-848c6b44e8a0","__parent":"SimGroup_","position":[1623.84009,4502.4165,94.1799316],"isRenderEnabled":false,"rotationMatrix":[-0.953224778,-0.302262843,0,0.302262843,-0.953224778,0,0,0,1],"shapeName":"/art/aipacenotes/rally/signboards/signboard_start.dae","useInstanceRenderData":true}
{"class":"TSStatic","persistentId":"53bb6168-ede6-4a3a-805d-6fbfbbebc2a8","__parent":"SimGroup_","position":[1168.52576,-4473.28711,1529.43164],"isRenderEnabled":false,"rotationMatrix":[0.523906112,-0.851776004,0,0.851776004,0.523906112,0,0,0,1],"shapeName":"/art/aipacenotes/rally/signboards/signboard_stop.dae","useInstanceRenderData":true}
{"class":"TSStatic","persistentId":"5bf983d9-aa09-4978-a241-409a62b45ec2","__parent":"SimGroup_","position":[1167.99634,-4474.25977,1529.44214],"isRenderEnabled":false,"rotationMatrix":[-0.426641941,0.894891441,-0.130942836,-0.902742803,-0.430178285,0.00141287595,-0.0550643988,0.118810497,0.991388917],"shapeName":"/art/aipacenotes/bng_copies/cone.dae","useInstanceRenderData":true}
{"class":"TSStatic","persistentId":"5c6912fb-f68a-423b-a027-8c4e56309164","__parent":"SimGroup_","position":[1144.74585,-4476.2793,1530.44531],"isRenderEnabled":false,"rotationMatrix":[-0.129102349,0.99142617,-0.0201699622,-0.990831673,-0.128154874,0.0427675843,0.0398160219,0.0255064294,0.9988814],"shapeName":"/art/aipacenotes/bng_copies/cone.dae","useInstanceRenderData":true}
{"class":"TSStatic","persistentId":"5d4db914-e639-41f6-bce7-1ba64b505df1","__parent":"SimGroup_","position":[1098.15601,-4484.96338,1531.68884],"isRenderEnabled":false,"rotationMatrix":[-0.354355335,0.934995592,0.0146778449,-0.935073555,-0.354157448,-0.0144899692,-0.00834978931,-0.0188594628,0.999787271],"shapeName":"/art/aipacenotes/bng_copies/cone.dae","useInstanceRenderData":true}
{"class":"TSStatic","persistentId":"5feca065-766e-41ec-a891-d46a754acc49","__parent":"SimGroup_","position":[1159.96948,-4471.99756,1529.74316],"isRenderEnabled":false,"rotationMatrix":[-0.408324361,0.912828386,0.00393248256,-0.912213027,-0.408200741,0.035205096,0.0337414518,0.0107878391,0.999372363],"shapeName":"/art/aipacenotes/bng_copies/cone.dae","useInstanceRenderData":true}
{"class":"TSStatic","persistentId":"611952c3-07e6-4169-8308-c260e3a839dc","__parent":"SimGroup_","position":[884.249756,-4359.58936,1514.41528],"isRenderEnabled":false,"rotationMatrix":[-0.985915542,0.167245775,0,-0.167245775,-0.985915542,0,0,0,1],"shapeName":"/art/aipacenotes/rally/signboards/signboard_finish_entry.dae","useInstanceRenderData":true}
{"class":"TSStatic","persistentId":"624dad5f-4d53-4e6c-b8c8-38c0de43fdfd","__parent":"SimGroup_","position":[1092.10913,-4495.41895,1531.71838],"isRenderEnabled":false,"rotationMatrix":[0.418207049,-0.907733083,0.0335180797,0.908105493,0.418668091,0.00783921685,-0.021148866,0.0271595344,0.999407351],"shapeName":"/art/aipacenotes/bng_copies/cone.dae","useInstanceRenderData":true}
{"class":"TSStatic","persistentId":"630da882-d33f-4d44-8fb5-317da614fcf9","__parent":"SimGroup_","position":[1072.29346,-4502.84229,1531.52649],"isRenderEnabled":false,"rotationMatrix":[0.217998505,-0.975785315,0.017879935,0.975634277,0.218356967,0.0214033127,-0.0247892458,0.0127783874,0.99961102],"shapeName":"/art/aipacenotes/bng_copies/cone.dae","useInstanceRenderData":true}
{"class":"TSStatic","persistentId":"683a2208-35c5-4ddc-8504-bec9628d2065","__parent":"SimGroup_","position":[1087.08057,-4489.99072,1531.57532],"isRenderEnabled":false,"rotationMatrix":[0.421250999,-0.906504631,0.0282289144,0.906919122,0.421266198,-0.00569666736,-0.00672783144,0.0280010682,0.999585271],"shapeName":"/art/aipacenotes/bng_copies/cone.dae","useInstanceRenderData":true}
{"class":"TSStatic","persistentId":"6a113467-87ce-47f1-9add-621b89fb8710","__parent":"SimGroup_","position":[1082.39514,-4499.66406,1531.65112],"isRenderEnabled":false,"rotationMatrix":[0.36770004,-0.929800391,0.0163665805,0.92986393,0.367842853,0.00668713544,-0.0122380313,0.0127598336,0.999843717],"shapeName":"/art/aipacenotes/bng_copies/cone.dae","useInstanceRenderData":true}
{"class":"TSStatic","persistentId":"775e1472-b13c-41c2-8a11-1a12fdebfe8a","__parent":"SimGroup_","position":[1116.60815,-4485.12305,1531.35718],"isRenderEnabled":false,"rotationMatrix":[-0.259008884,0.965299129,-0.0333465487,-0.965817332,-0.258462071,0.0198543333,0.010546552,0.0373491272,0.999246597],"shapeName":"/art/aipacenotes/bng_copies/cone.dae","useInstanceRenderData":true}
{"class":"TSStatic","persistentId":"7875874a-573c-41a7-b3ca-315a5c325bc0","__parent":"SimGroup_","position":[1121.79053,-4484.02783,1531.24072],"isRenderEnabled":false,"rotationMatrix":[-0.160748124,0.986360431,-0.0353983231,-0.986897111,-0.160122395,0.0198723301,0.0139332162,0.0381289423,0.999175668],"shapeName":"/art/aipacenotes/bng_copies/cone.dae","useInstanceRenderData":true}
{"class":"TSStatic","persistentId":"79a5f12e-1795-4943-94f3-837c851e15a5","__parent":"SimGroup_","position":[1164.75232,-4469.71924,1529.56165],"isRenderEnabled":false,"rotationMatrix":[-0.439015627,0.898463786,0.00527894311,-0.898163855,-0.439009666,0.023915315,0.0238045529,0.00575784408,0.999700069],"shapeName":"/art/aipacenotes/bng_copies/cone.dae","useInstanceRenderData":true}
{"class":"TSStatic","persistentId":"7c033214-bb79-46f0-9e14-8d09574f17b5","__parent":"SimGroup_","position":[1166.21997,-4469.26221,1529.52454],"isRenderEnabled":false,"rotationMatrix":[0.523906112,-0.851776004,0,0.851776004,0.523906112,0,0,0,1],"shapeName":"/art/aipacenotes/rally/signboards/signboard_stop.dae","useInstanceRenderData":true}
{"class":"TSStatic","persistentId":"7c0b13ea-5d7c-4264-bc15-574dc05bdcf4","__parent":"SimGroup_","position":[-1466.599,-555.574646,724.31543],"isRenderEnabled":false,"rotationMatrix":[-0.518606782,-0.855013311,0,0.855013311,-0.518606782,0,0,0,1],"shapeName":"/art/aipacenotes/bng_copies/constructionbarrier_arrows.dae","useInstanceRenderData":true}
{"class":"TSStatic","persistentId":"7cd81fbf-1394-4aa8-87d1-6ca00c91c988","__parent":"SimGroup_","position":[1149.96948,-4475.41211,1530.21899],"isRenderEnabled":false,"rotationMatrix":[-0.212942719,0.97705549,-0.00424471498,-0.975757301,-0.212431192,0.0526377857,0.0505283289,0.0153506454,0.998604655],"shapeName":"/art/aipacenotes/bng_copies/cone.dae","useInstanceRenderData":true}
{"class":"TSStatic","persistentId":"7ffc38c5-996f-45d2-bd5a-4c749bb5ddd5","__parent":"SimGroup_","position":[1153.34265,-4480.30859,1530.32019],"isRenderEnabled":false,"rotationMatrix":[-0.240657091,0.965366423,-0.100756824,-0.970081031,-0.235798955,0.0578072965,0.0320468694,0.111654013,0.993230283],"shapeName":"/art/aipacenotes/bng_copies/cone.dae","useInstanceRenderData":true}
{"class":"TSStatic","persistentId":"809e697e-581a-41e2-b31a-fb46b64d8d30","__parent":"SimGroup_","position":[1072.3573,-4495.95605,1531.35388],"isRenderEnabled":false,"rotationMatrix":[0.283790231,-0.958372116,0.0314002819,0.958425641,0.284516692,0.0216896143,-0.0297206249,0.0239395369,0.999271512],"shapeName":"/art/aipacenotes/bng_copies/cone.dae","useInstanceRenderData":true}
{"class":"TSStatic","persistentId":"8826ce7c-cf19-48ec-868a-ca3d19d87822","__parent":"SimGroup_","position":[1025.0094,-4500.06885,1528.88501],"isRenderEnabled":false,"rotationMatrix":[-0.00282657146,-0.999286413,0.0376661383,0.996438861,0.000359654427,0.0843175128,-0.0842708945,0.0377703384,0.995726764],"shapeName":"/art/aipacenotes/bng_copies/cone.dae","useInstanceRenderData":true}
{"class":"TSStatic","persistentId":"8a0a257d-9488-40b7-b258-015a90a634ee","__parent":"SimGroup_","position":[1132.31628,-4482.79297,1530.98853],"isRenderEnabled":false,"rotationMatrix":[-0.102664471,0.993509233,-0.0489848219,-0.994553268,-0.101632237,0.0231241658,0.0179956369,0.0510920435,0.998531818],"shapeName":"/art/aipacenotes/bng_copies/cone.dae","useInstanceRenderData":true}
{"class":"TSStatic","persistentId":"8cfada72-ab8a-44c1-9f68-eacc6da9cd8c","__parent":"SimGroup_","position":[1030.26331,-4507.27148,1529.58716],"isRenderEnabled":false,"rotationMatrix":[-0.0108468533,-0.999252975,0.0370925963,0.996686757,-0.00781369209,0.0809590966,-0.0806087852,0.0378478467,0.996026993],"shapeName":"/art/aipacenotes/bng_copies/cone.dae","useInstanceRenderData":true}
{"class":"TSStatic","persistentId":"911aad32-f307-485f-8cc9-d9fd2975062c","__parent":"SimGroup_","position":[1040.8396,-4507.10742,1530.3175],"isRenderEnabled":false,"rotationMatrix":[0.0337648392,-0.998067439,0.0521668084,0.998022258,0.0364405513,0.0512211509,-0.0530231483,0.0503341667,0.99732393],"shapeName":"/art/aipacenotes/bng_copies/cone.dae","useInstanceRenderData":true}
{"class":"TSStatic","persistentId":"92b64be4-20a7-45dd-8ce8-7d053174bc4d","__parent":"SimGroup_","position":[1113.1687,-4479.76514,1531.26074],"isRenderEnabled":false,"rotationMatrix":[-0.231564522,0.972798109,-0.00646663317,-0.972711802,-0.231434703,0.0164273754,0.0144839156,0.0100941658,0.999844134],"shapeName":"/art/aipacenotes/bng_copies/cone.dae","useInstanceRenderData":true}
{"class":"TSStatic","persistentId":"951bad7d-dfe1-407f-92f8-67065b2320f5","__parent":"SimGroup_","position":[1163.20667,-4476.51416,1529.6532],"isRenderEnabled":false,"rotationMatrix":[-0.415166616,0.909503281,0.0209897645,-0.908456266,-0.415695786,0.0436376408,0.0484139286,-0.000951392576,0.998826921],"shapeName":"/art/aipacenotes/bng_copies/cone.dae","useInstanceRenderData":true}
{"class":"TSStatic","persistentId":"973143ca-7892-45c5-a69e-a29f19c29366","__parent":"SimGroup_","position":[1051.42822,-4499.12305,1530.63037],"isRenderEnabled":false,"rotationMatrix":[0.0964620709,-0.994424224,0.0426088385,0.994032025,0.0984383821,0.0470117182,-0.0509439372,0.0378197059,0.997985184],"shapeName":"/art/aipacenotes/bng_copies/cone.dae","useInstanceRenderData":true}
{"class":"TSStatic","persistentId":"a02c6bf6-7c68-4cff-9023-aed37694569e","__parent":"SimGroup_","position":[1040.86584,-4499.82666,1530.06311],"isRenderEnabled":false,"rotationMatrix":[0.0421198606,-0.997697592,0.0531547032,0.997106194,0.0453457236,0.0610166974,-0.0632865429,0.0504308678,0.996720374],"shapeName":"/art/aipacenotes/bng_copies/cone.dae","useInstanceRenderData":true}
{"class":"TSStatic","persistentId":"a7be4e3b-6781-4faf-9cac-984de1127c6d","__parent":"SimGroup_","position":[1056.63916,-4505.5835,1531.06885],"isRenderEnabled":false,"rotationMatrix":[0.139385581,-0.988591433,0.0570850223,0.989209533,0.141636193,0.0374662802,-0.0451241508,0.0512467846,0.997666061],"shapeName":"/art/aipacenotes/bng_copies/cone.dae","useInstanceRenderData":true}
{"class":"TSStatic","persistentId":"a9e777c1-61b6-4770-bb3b-f19b90931173","__parent":"SimGroup_","position":[1051.39502,-4506.31738,1530.84363],"isRenderEnabled":false,"rotationMatrix":[0.128127933,-0.981245458,-0.144016102,0.991525233,0.123596609,0.0400195345,-0.0214690752,-0.147923231,0.988765776],"shapeName":"/art/aipacenotes/bng_copies/cone.dae","useInstanceRenderData":true}
{"class":"TSStatic","persistentId":"ae4420d3-7398-4169-9ba8-7b5382b3b475","__parent":"SimGroup_","position":[1082.25745,-4492.19043,1531.53931],"isRenderEnabled":false,"rotationMatrix":[0.399917901,-0.9163993,0.0166708864,0.916359842,0.400139749,0.0131411897,-0.0187132619,0.0100211361,0.999774694],"shapeName":"/art/aipacenotes/bng_copies/cone.dae","useInstanceRenderData":true}
{"class":"TSStatic","persistentId":"af9eddc1-af81-4462-8c5f-49cfa2ac7ce3","__parent":"SimGroup_","position":[1061.95435,-4497.92285,1531.04944],"isRenderEnabled":false,"rotationMatrix":[0.124404848,-0.991782665,0.0298418049,0.991586685,0.125351906,0.0322920717,-0.0357674398,0.0255734492,0.999032855],"shapeName":"/art/aipacenotes/bng_copies/cone.dae","useInstanceRenderData":true}
{"class":"TSStatic","persistentId":"b11f178d-89ed-4853-ba20-f529b68da447","__parent":"SimGroup_","position":[1067.19482,-4497.14453,1531.22302],"isRenderEnabled":false,"rotationMatrix":[0.185854733,-0.98157829,0.0442965142,0.981940329,0.18716836,0.0275899917,-0.0353726409,0.0383688062,0.998637378],"shapeName":"/art/aipacenotes/bng_copies/cone.dae","useInstanceRenderData":true}
{"class":"TSStatic","persistentId":"babe751c-0daa-49d4-89c3-6f9bdb5485a4","__parent":"SimGroup_","position":[1137.58276,-4482.19531,1530.88574],"isRenderEnabled":false,"rotationMatrix":[-0.115781069,0.99138689,-0.061211355,-0.993139982,-0.114530087,0.02357536,0.0163617563,0.0635210276,0.997846365],"shapeName":"/art/aipacenotes/bng_copies/cone.dae","useInstanceRenderData":true}
{"class":"TSStatic","persistentId":"bd09cf05-0161-41c0-9e56-d36144b5679f","__parent":"SimGroup_","position":[1096.9165,-4493.18408,1531.75562],"isRenderEnabled":false,"rotationMatrix":[0.4180215,-0.908281863,0.01679736,0.908365786,0.418148994,0.00480452832,-0.0113876639,0.0132497502,0.999847353],"shapeName":"/art/aipacenotes/bng_copies/cone.dae","useInstanceRenderData":true}
{"class":"TSStatic","persistentId":"c00b42f7-4412-4f1d-9860-68a1ca0d00b2","__parent":"SimGroup_","position":[1024.98059,-4507.22021,1529.14453],"isRenderEnabled":false,"rotationMatrix":[-0.0153546333,-0.99867171,0.0491821878,0.996229112,-0.0110793114,0.0860505626,-0.0853913575,0.0503180102,0.99507606],"shapeName":"/art/aipacenotes/bng_copies/cone.dae","useInstanceRenderData":true}
{"class":"TSStatic","persistentId":"c2586389-4a4c-493f-9b81-5480e06a98d3","__parent":"SimGroup_","position":[1035.5791,-4500.00342,1529.71057],"isRenderEnabled":false,"rotationMatrix":[0.0132963061,-0.998584807,0.0514949225,0.99733001,0.0169427395,0.071034506,-0.0718064383,0.0504129268,0.996143758],"shapeName":"/art/aipacenotes/bng_copies/cone.dae","useInstanceRenderData":true}
{"class":"TSStatic","persistentId":"c639f3ef-4496-41f3-9aa7-36b5b8ba42aa","__parent":"SimGroup_","position":[1016.20264,-4500.06592,1528.15356],"isRenderEnabled":false,"rotationMatrix":[0.0555083752,-0.998458207,0,0.998458207,0.0555083752,0,0,0,1],"shapeName":"/art/aipacenotes/rally/signboards/signboard_finish.dae","useInstanceRenderData":true}
{"class":"TSStatic","persistentId":"c93c2298-8bd5-490c-ac7e-11a3e0c0db03","__parent":"SimGroup_","position":[1030.29297,-4500.06006,1529.3125],"isRenderEnabled":false,"rotationMatrix":[-0.00010073185,-0.998722196,0.050536003,0.996807337,0.00393474102,0.0797474012,-0.0798443407,0.0503826961,0.995533228],"shapeName":"/art/aipacenotes/bng_copies/cone.dae","useInstanceRenderData":true}
{"class":"TSStatic","persistentId":"ce8381dc-11c5-45f4-9c63-be365f04c3a3","__parent":"SimGroup_","position":[1056.69043,-4498.52295,1530.86609],"isRenderEnabled":false,"rotationMatrix":[0.118273973,-0.992022157,0.0436264612,0.991994143,0.120000541,0.0393369086,-0.0442582853,0.0386246629,0.998273194],"shapeName":"/art/aipacenotes/bng_copies/cone.dae","useInstanceRenderData":true}
{"class":"TSStatic","persistentId":"d131eca2-feed-4cae-83ab-26760256becd","__parent":"SimGroup_","position":[1617.59839,4501.75,94.7657013],"isRenderEnabled":false,"rotationMatrix":[-0.22578752,0.974176347,0,-0.974176347,-0.22578752,0,0,0,1],"shapeName":"/art/aipacenotes/bng_copies/clutter_workshop_fire_extinguisher.dae","useInstanceRenderData":true}
{"class":"TSStatic","persistentId":"d28dfc02-7bb7-4272-a089-6d14a6341e3d","__parent":"SimGroup_","position":[1035.54993,-4507.26074,1529.98462],"isRenderEnabled":false,"rotationMatrix":[0.0150966644,-0.999122977,0.0390558839,0.997849822,0.0175459981,0.0631502569,-0.0637801513,0.0380185433,0.99723953],"shapeName":"/art/aipacenotes/bng_copies/cone.dae","useInstanceRenderData":true}
{"class":"TSStatic","persistentId":"d2c099ba-8fbb-46f1-b3c7-b01141620483","__parent":"SimGroup_","position":[1106.6189,-4488.64844,1531.63892],"isRenderEnabled":false,"rotationMatrix":[-0.373821974,0.927394867,-0.0139936171,-0.927436352,-0.373576283,0.017392084,0.0109016448,0.019479733,0.999750793],"shapeName":"/art/aipacenotes/bng_copies/cone.dae","useInstanceRenderData":true}
{"class":"TSStatic","persistentId":"e129f59a-8247-4480-a943-98872562145f","__parent":"SimGroup_","position":[1619.3949,4501.42334,94.2362823],"isRenderEnabled":false,"rotationMatrix":[-0.976539969,-0.215337828,0,0.215337828,-0.976539969,0,0,0,1],"shapeName":"/art/aipacenotes/rally/signboards/signboard_start.dae","useInstanceRenderData":true}
{"class":"TSStatic","persistentId":"e1f12033-c12c-483a-b553-843cb445303a","__parent":"SimGroup_","position":[1123.64954,-4478.28271,1531.01807],"isRenderEnabled":false,"rotationMatrix":[-0.0773558617,0.996732593,-0.0232406761,-0.99674809,-0.0767873526,0.0244323201,0.0225678999,0.0250550807,0.999431312],"shapeName":"/art/aipacenotes/bng_copies/cone.dae","useInstanceRenderData":true}
{"class":"TSStatic","persistentId":"e1ffc48e-f97d-40ea-b775-4c1311da6794","__parent":"SimGroup_","position":[1046.12671,-4506.84521,1530.60095],"isRenderEnabled":false,"rotationMatrix":[0.0635545254,-0.996535242,0.0536493585,0.99669832,0.0661031008,0.0471470468,-0.0505300835,0.0504758172,0.997446179],"shapeName":"/art/aipacenotes/bng_copies/cone.dae","useInstanceRenderData":true}
{"class":"TSStatic","persistentId":"e874aa16-e486-49a3-8318-e949a8161327","__parent":"SimGroup_","position":[1139.48547,-4476.9043,1530.64331],"isRenderEnabled":false,"rotationMatrix":[-0.110495448,0.99362576,-0.0223244093,-0.993557215,-0.109862804,0.0278233215,0.0251933523,0.0252549313,0.999363542],"shapeName":"/art/aipacenotes/bng_copies/cone.dae","useInstanceRenderData":true}
{"class":"TSStatic","persistentId":"e8f2ddc1-0a2b-4633-9ddc-c3d3782f8211","__parent":"SimGroup_","position":[1111.56604,-4486.74951,1531.50659],"isRenderEnabled":false,"rotationMatrix":[-0.340309024,0.939791024,-0.0313490331,-0.940270364,-0.339783907,0.0209464543,0.0090333987,0.0366048329,0.999288976],"shapeName":"/art/aipacenotes/bng_copies/cone.dae","useInstanceRenderData":true}
{"class":"TSStatic","persistentId":"f014b82f-87ce-44c4-bc11-641c361812d7","__parent":"SimGroup_","position":[1158.34888,-4478.6123,1529.96826],"isRenderEnabled":false,"rotationMatrix":[-0.363880038,0.931242228,-0.0194674432,-0.929470181,-0.361668468,0.0726693124,0.0606319755,0.0445373356,0.997166097],"shapeName":"/art/aipacenotes/bng_copies/cone.dae","useInstanceRenderData":true}
{"class":"TSStatic","persistentId":"f22a17dc-0435-4323-98a4-0dd1271eb43e","__parent":"SimGroup_","position":[1046.15088,-4499.54736,1530.36829],"isRenderEnabled":false,"rotationMatrix":[0.0591167808,-0.996819735,0.0534391701,0.996578813,0.0620305538,0.0546175577,-0.0577587187,0.0500275232,0.997076333],"shapeName":"/art/aipacenotes/bng_copies/cone.dae","useInstanceRenderData":true}
{"class":"TSStatic","persistentId":"fe49a36a-37b3-4b31-8728-102dd6f280d7","__parent":"SimGroup_","position":[1087.28137,-4497.60889,1531.68201],"isRenderEnabled":false,"rotationMatrix":[0.40079093,-0.916017711,0.0166771114,0.916094124,0.4009251,0.00553516112,-0.0117565803,0.0130593609,0.999845624],"shapeName":"/art/aipacenotes/bng_copies/cone.dae","useInstanceRenderData":true}
