{"class":"DecalRoad","persistentId":"018ff2d9-2816-447c-9072-ddace6b138aa","__parent":"SimGroup_","position":[-332.399597,39.036026,-288.691376],"improvedSpline":true,"material":"track_rubber","nodes":[[-332.399597,39.036026,-288.691376,4],[-328.34317,42.0389824,-288.523468,4],[-321.562256,50.0980453,-288.21936,4],[-313.286346,50.9246216,-287.976471,4]],"startEndFade":[10,10],"textureLength":100}
{"class":"DecalRoad","persistentId":"022b9689-2d84-41e6-880c-4fabee711006","__parent":"SimGroup_","position":[-329.900055,41.1801033,-288.579376],"improvedSpline":true,"material":"track_rubber","nodes":[[-329.900055,41.1801033,-288.579376,4],[-322.049133,50.1174126,-288.233551,4],[-313.318756,51.6606827,-287.966797,4]],"startEndFade":[10,10],"textureLength":50}
{"class":"DecalRoad","persistentId":"07bf2e0c-ab7c-4aec-8a51-28c63ab6049d","__parent":"SimGroup_","position":[-364.512085,21.1422005,-289.900421],"improvedSpline":true,"material":"track_rubber","nodes":[[-364.512085,21.1422005,-289.900421,4],[-355.805176,29.6167164,-289.624115,4],[-347.242828,34.8228951,-289.31189,4],[-338.937866,35.6127815,-289.01886,4],[-332.399597,39.036026,-288.691376,4]],"startEndFade":[10,10],"textureLength":100}
{"class":"DecalRoad","persistentId":"0f156f02-4b79-489e-aa5b-f1062067d0bf","__parent":"SimGroup_","position":[-169.886841,208.087219,-281.803253],"improvedSpline":true,"material":"track_rubber","nodes":[[-169.886841,208.087219,-281.803253,6],[-169.647003,191.255524,-281.45108,6],[-162.666199,164.270294,-281.138855,6],[-157.371674,139.636261,-280.81778,6],[-160.233963,119.662102,-279.94928,6],[-163.480545,104.63327,-279.648315,6],[-163.840881,81.5382919,-278.786011,6]],"startEndFade":[50,50],"textureLength":100}
{"class":"DecalRoad","persistentId":"10dbac78-9bde-4a47-b321-c6cd05a826f2","__parent":"SimGroup_","position":[-412.259491,-493.160797,-319.69162],"improvedSpline":true,"material":"track_rubber","nodes":[[-412.259491,-493.160797,-319.69162,4],[-414.845612,-469.438324,-317.368561,4],[-413.756042,-456.79425,-316.168396,4]],"startEndFade":[1,10],"textureLength":50}
{"class":"DecalRoad","persistentId":"1328cb04-5156-4043-9e26-80c95a2b0d72","__parent":"SimGroup_","position":[-446.055359,-217.640976,-312.114655],"improvedSpline":true,"material":"track_rubber","nodes":[[-446.055359,-217.640976,-312.114655,4],[-452.708344,-213.66687,-312.460999,4],[-456.744568,-208.000031,-312.74353,4],[-458.654785,-198.976196,-313.114197,4]],"startEndFade":[10,10],"textureLength":100}
{"class":"DecalRoad","persistentId":"15765a2f-691f-4f4d-b536-57229f4ace15","__parent":"SimGroup_","position":[-292.6987,458.064423,-287.169403],"improvedSpline":true,"material":"track_rubber","nodes":[[-292.6987,458.064423,-287.169403,6],[-281.346558,452.872162,-286.18985,6],[-267.928101,443.59314,-285.648163,6],[-257.968445,435.631195,-285.446411,6],[-248.974457,435.509674,-285.347595,6]],"startEndFade":[50,10],"textureLength":100}
{"class":"DecalRoad","persistentId":"18ffdbac-3e94-4c4b-83c9-88800e2c8729","__parent":"SimGroup_","position":[-346.323395,124.943527,-289.455536],"improvedSpline":true,"material":"track_rubber","nodes":[[-346.323395,124.943527,-289.455536,4],[-338.224091,131.021881,-289.221558,4],[-332.257751,141.446136,-288.837921,4],[-327.409241,154.56958,-288.498962,4]],"startEndFade":[10,10],"textureLength":100}
{"class":"DecalRoad","persistentId":"38328781-97be-4be4-9959-d81c7b1a869a","__parent":"SimGroup_","position":[-193.853836,-3.28646302,-284.761719],"improvedSpline":true,"material":"track_rubber","nodes":[[-193.853836,-3.28646302,-284.761719,6],[-210.643051,-25.3731136,-284.956421,6],[-222.447678,-44.6928329,-285.092438,6],[-232.945282,-53.7361946,-285.241028,6],[-250.080994,-59.6686363,-285.516815,6],[-270.52475,-66.1941147,-285.848114,6]],"startEndFade":[50,50],"textureLength":100}
{"class":"DecalRoad","persistentId":"3a511881-181f-4d87-9fae-b0fc4c13c4ed","__parent":"SimGroup_","position":[-318.312866,50.4446602,-288.127747],"improvedSpline":true,"material":"track_rubber","nodes":[[-318.312866,50.4446602,-288.127747,4],[-309.62204,50.6641083,-287.866638,4],[-301.65683,54.584877,-287.581573,4],[-285.473846,60.052433,-286.977356,4]],"startEndFade":[10,10],"textureLength":100}
{"class":"DecalRoad","persistentId":"42127529-cf48-4013-a147-e9bdb4be4e48","__parent":"SimGroup_","position":[-370.382385,12.9326096,-290.11026],"improvedSpline":true,"material":"track_rubber","nodes":[[-370.382385,12.9326096,-290.11026,6],[-386.42572,0.767068982,-290.716827,6],[-399.487915,-2.41028404,-291.289886,6],[-407.160126,3.69934702,-291.776947,6],[-407.959381,15.8891144,-292.177185,6],[-400.245331,29.7163506,-292.121887,6],[-384.613647,57.8659096,-291.636017,6]],"startEndFade":[5,50],"textureLength":100}
{"class":"DecalRoad","persistentId":"4c8640a1-7f9e-4233-a2c3-8083888474e9","__parent":"SimGroup_","position":[-436.099182,-236.985443,-311.405853],"improvedSpline":true,"material":"track_rubber","nodes":[[-436.099182,-236.985443,-311.405853,4],[-441.526367,-223.665878,-311.790466,4],[-450.224823,-213.944244,-312.396545,4]],"startEndFade":[10,10],"textureLength":100}
{"class":"DecalRoad","persistentId":"5332ee5b-07b5-42be-ae9a-4e4df90021f3","__parent":"SimGroup_","position":[-374.688049,-102.872711,-290.233154],"improvedSpline":true,"material":"track_rubber","nodes":[[-374.688049,-102.872711,-290.233154,6],[-352.823242,-105.05957,-288.29071,6],[-330.717651,-104.193443,-286.709717,6],[-313.484009,-98.550827,-286.330536,6],[-295.401672,-85.7534866,-286.233765,6]],"startEndFade":[50,50],"textureLength":100}
{"class":"DecalRoad","persistentId":"6c09333b-ade6-44d4-9930-e93c2497f3f7","__parent":"SimGroup_","position":[-365.743439,18.3601265,-289.956665],"improvedSpline":true,"material":"track_rubber","nodes":[[-365.743439,18.3601265,-289.956665,4],[-357.245483,28.4678822,-289.666992,4],[-349.481262,33.8403206,-289.39328,4],[-339.493439,36.0780106,-289.028839,4],[-331.737854,39.0811462,-288.66745,4]],"startEndFade":[10,10],"textureLength":50}
{"class":"DecalRoad","persistentId":"7fe846ee-168f-4abb-9201-b376137e53cc","__parent":"SimGroup_","position":[-438.003021,-229.499329,-311.584015],"improvedSpline":true,"material":"track_rubber","nodes":[[-438.003021,-229.499329,-311.584015,4],[-445.729034,-218.313919,-312.066559,4],[-453.069885,-213.272949,-312.481842,4],[-457.534668,-206.73938,-312.799713,4]],"startEndFade":[10,10],"textureLength":50}
{"class":"DecalRoad","persistentId":"88bb692b-ca13-4912-ad5d-e0e6e82feada","__parent":"SimGroup_","position":[-318.312866,50.4446602,-288.127747],"improvedSpline":true,"material":"track_rubber","nodes":[[-318.312866,50.4446602,-288.127747,4],[-310.149933,50.4692497,-287.884247,4],[-301.672607,53.6504707,-287.593628,4]],"startEndFade":[10,10],"textureLength":50}
{"class":"DecalRoad","persistentId":"89a20d3d-2416-42a6-bf58-e34c2ed58371","__parent":"SimGroup_","position":[-438.003021,-229.499329,-311.584015],"improvedSpline":true,"material":"track_rubber","nodes":[[-438.003021,-229.499329,-311.584015,4],[-445.729034,-218.313919,-312.066559,4],[-453.069885,-213.272934,-312.481842,4],[-457.534668,-206.739365,-312.799713,4]],"startEndFade":[10,10],"textureLength":50}
{"class":"DecalRoad","persistentId":"936217e5-8174-4723-945f-f339353946cf","__parent":"SimGroup_","position":[-201.800598,-12.7607603,-284.851044],"improvedSpline":true,"material":"track_rubber","nodes":[[-201.800598,-12.7607603,-284.851044,6],[-190.92041,-0.222324997,-284.725769,6],[-174.995651,11.6611319,-284.358398,6],[-166.098404,23.6092205,-283.583466,6],[-160.203278,41.0790863,-281.881165,6],[-160.064026,58.5724106,-279.22168,6]],"startEndFade":[50,50],"textureLength":100}
{"class":"DecalRoad","persistentId":"9741e970-1e4a-4b66-89c9-308ae815db20","__parent":"SimGroup_","position":[-446.055359,-217.640976,-312.114655],"improvedSpline":true,"material":"track_rubber","nodes":[[-446.055359,-217.640976,-312.114655,4],[-452.708344,-213.66684,-312.460999,4],[-456.744568,-208,-312.74353,4],[-458.654785,-198.976135,-313.114197,4]],"startEndFade":[10,10],"textureLength":100}
{"class":"DecalRoad","persistentId":"b7bc175c-4a39-498d-836f-ac1bea5ed8fe","__parent":"SimGroup_","position":[-458.629028,-202.230057,-312.971252],"improvedSpline":true,"material":"track_rubber","nodes":[[-458.629028,-202.230057,-312.971252,4],[-461.936096,-193.318756,-313.271301,4],[-474.538574,-179.882584,-312.818481,4]],"startEndFade":[10,10],"textureLength":100}
{"class":"DecalRoad","persistentId":"ba4cc459-048a-455f-a11d-3ecd69275f60","__parent":"SimGroup_","position":[-365.18988,91.1860199,-290.353851],"improvedSpline":true,"material":"track_rubber","nodes":[[-365.18988,91.1860199,-290.353851,4],[-354.534729,105.017784,-289.858826,4],[-351.408447,116.178841,-289.653656,4]],"startEndFade":[10,10],"textureLength":100}
{"class":"DecalRoad","persistentId":"c2e3c667-6955-4ee5-a6d2-e757c3eb096c","__parent":"SimGroup_","position":[-352.393768,110.281754,-289.75116],"improvedSpline":true,"material":"track_rubber","nodes":[[-352.393768,110.281754,-289.75116,4],[-350.747101,117.643639,-289.626221,4],[-346.145416,125.462143,-289.440033,4],[-339.228699,131.072739,-289.212585,4]],"startEndFade":[10,10],"textureLength":50}
{"class":"DecalRoad","persistentId":"c919e31e-92db-4cdf-a4e3-2e87d075f7aa","__parent":"SimGroup_","position":[-457.477844,-206.959656,-312.793823],"improvedSpline":true,"material":"track_rubber","nodes":[[-457.477844,-206.959656,-312.793823,4],[-458.891479,-199.480255,-313.080658,4],[-462.959991,-192.242218,-313.272491,4],[-467.939545,-186.249634,-313.163696,4]],"startEndFade":[10,10],"textureLength":50}
{"class":"DecalRoad","persistentId":"cdde4fcf-92df-4790-aa94-30005b62322c","__parent":"SimGroup_","position":[-413.166962,-494.068115,-319.746979],"improvedSpline":true,"material":"track_rubber","nodes":[[-413.166962,-494.068115,-319.746979,6],[-415.753082,-470.345642,-317.458527,6],[-415.527039,-459.282379,-316.44342,6]],"startEndFade":[1,10],"textureLength":100}
{"class":"DecalRoad","persistentId":"d52331db-997a-4879-ab82-193271882896","__parent":"SimGroup_","position":[-351.945679,111.070602,-289.736542],"improvedSpline":true,"material":"track_rubber","nodes":[[-351.945679,111.070602,-289.736542,4],[-350.518311,118.30603,-289.61676,4],[-346.75354,125.249512,-289.458771,4],[-339.553528,129.49823,-289.261169,4]],"startEndFade":[10,10],"textureLength":100}
{"class":"DecalRoad","persistentId":"d77e0f9f-d362-4807-9251-d197f6311b73","__parent":"SimGroup_","position":[-365.521393,496.686615,-293.654144],"improvedSpline":true,"material":"track_rubber","nodes":[[-365.521393,496.686615,-293.654144,6],[-355.828339,495.222595,-293.13028,6],[-343.024475,485.918152,-291.732941,6],[-328.343506,477.650818,-290.078156,6]],"startEndFade":[10,1],"textureLength":100}
{"class":"DecalRoad","persistentId":"d91ddfb3-2883-4684-a463-c0bb00a838eb","__parent":"SimGroup_","position":[-436.099182,-236.985443,-311.405853],"improvedSpline":true,"material":"track_rubber","nodes":[[-436.099182,-236.985443,-311.405853,4],[-441.526367,-223.665878,-311.790466,4],[-450.224823,-213.944244,-312.396545,4]],"startEndFade":[10,10],"textureLength":100}
{"class":"DecalRoad","persistentId":"dc0febcd-1bbb-4320-bb11-a4a371e03764","__parent":"SimGroup_","position":[-363.232483,90.1792221,-290.347412],"improvedSpline":true,"material":"track_rubber","nodes":[[-363.232483,90.1792221,-290.347412,4],[-354.119537,105.708122,-289.843048,4],[-350.211548,116.652603,-289.637299,4]],"startEndFade":[10,10],"textureLength":50}
{"class":"DecalRoad","persistentId":"dc72df35-2916-4a4b-944d-a920cb9ed0ad","__parent":"SimGroup_","position":[-396.112885,37.4264832,-292.004242],"improvedSpline":true,"material":"track_rubber","nodes":[[-396.112885,37.4264832,-292.004242,6],[-405.523529,19.7668133,-292.201477,6],[-409.155212,8.25255013,-291.971497,6],[-406.289307,-0.252375007,-291.62027,6],[-396.670898,-3.41554499,-291.172333,6],[-385.067413,0.379574001,-290.684204,6],[-369.684998,16.6969509,-290.049805,6],[-355.708496,27.2538471,-289.657959,6],[-342.426544,33.7830696,-289.190613,6]],"startEndFade":[30,30],"textureLength":100}
{"class":"DecalRoad","persistentId":"e3c36814-c61e-47c1-b121-e33eaab24774","__parent":"SimGroup_","position":[-194.314835,180.330231,-285.062897],"improvedSpline":true,"material":"track_rubber","nodes":[[-194.314835,180.330231,-285.062897,6],[-193.789398,195.43367,-285.124695,6],[-193.602829,222.370377,-284.738037,6],[-186.8078,232.630905,-284.098999,6],[-177.580063,234.717178,-283.16507,6],[-169.752487,228.67189,-282.169281,6],[-166.962997,212.950256,-281.847992,6],[-169.431702,193.301559,-281.517578,6],[-167.873993,179.113876,-281.093933,6],[-164.772995,168.258667,-281.120514,6]],"startEndFade":[50,50],"textureLength":100}
{"class":"DecalRoad","persistentId":"f09c4425-8739-4b02-b6b9-99e3b4c6c99f","__parent":"SimGroup_","position":[-466.484436,-195.699783,-313.218811],"improvedSpline":true,"material":"track_rubber","nodes":[[-466.484436,-195.699783,-313.218811,6],[-481.129547,-171.57074,-312.136536,6],[-485.7948,-154.429184,-309.444366,6],[-483.973206,-138.597763,-306.564301,6],[-474.653168,-123.530411,-303.469147,6],[-456.346527,-112.164955,-300.85141,6],[-445.718384,-108.88974,-299.778625,6]],"startEndFade":[50,50],"textureLength":100}
{"class":"DecalRoad","persistentId":"f386d1f4-f53c-4587-84aa-fb7da071242d","__parent":"SimGroup_","position":[-458.629028,-202.230057,-312.971252],"improvedSpline":true,"material":"track_rubber","nodes":[[-458.629028,-202.230057,-312.971252,4],[-461.936096,-193.318756,-313.271301,4],[-474.538574,-179.882584,-312.818481,4]],"startEndFade":[10,10],"textureLength":100}
{"class":"DecalRoad","persistentId":"fc23cd16-cbf5-456c-8e44-4c8176960a30","__parent":"SimGroup_","position":[-417.27829,-481.914307,-318.711456],"improvedSpline":true,"material":"track_rubber","nodes":[[-417.27829,-481.914307,-318.711456,6],[-415.185883,-464.350677,-316.898193,6],[-410.028503,-448.916473,-315.05069,6],[-398.576477,-434.091278,-313.190247,6],[-388.245239,-423.778229,-312.143982,6],[-383.261536,-416.072449,-311.391632,6],[-381.949982,-403.544312,-311.571289,6],[-386.459076,-388.271912,-312.858551,6]],"startEndFade":[50,50],"textureLength":100}
{"class":"DecalRoad","persistentId":"fcee3a42-db23-4390-8ebd-bb6cd2e0a5db","__parent":"SimGroup_","position":[-167.921463,207.430969,-281.793945],"improvedSpline":true,"material":"track_rubber","nodes":[[-167.921463,207.430969,-281.793945,6],[-166.996063,223.263519,-281.886963,6],[-174.418121,233.664627,-282.763885,6],[-186.183151,233.062347,-284.048828,6],[-193.60141,220.976578,-284.791016,6],[-194.09024,203.490997,-285.118713,6]],"startEndFade":[50,50],"textureLength":100}
{"class":"DecalRoad","persistentId":"fdb4abfe-0a3c-482a-903d-e9bb48866c4e","__parent":"SimGroup_","position":[-457.477844,-206.959656,-312.793823],"improvedSpline":true,"material":"track_rubber","nodes":[[-457.477844,-206.959656,-312.793823,4],[-458.891479,-199.480255,-313.080658,4],[-462.959991,-192.242218,-313.272491,4],[-467.939545,-186.249634,-313.163696,4]],"startEndFade":[10,10],"textureLength":50}
{"class":"DecalRoad","persistentId":"fdd2601b-e7be-409e-8553-afb023674ab7","__parent":"SimGroup_","position":[-346.323395,124.943527,-289.455536],"improvedSpline":true,"material":"track_rubber","nodes":[[-346.323395,124.943527,-289.455536,4],[-336.923706,133.24823,-289.137207,4],[-332.257751,141.446136,-288.837921,4],[-328.687439,150.492294,-288.578766,4]],"startEndFade":[10,10],"textureLength":50}
{"name":"SimGroup_","class":"SimGroup","persistentId":"a5e99465-2b39-40df-ae23-dbe7ac5ee862","groupPosition":"0 0 0"}
{"class":"TSStatic","persistentId":"01077a0b-9d7d-42c2-a9ee-4739750df6b6","__parent":"SimGroup_","position":[-446.626404,-484.199646,-319.654755],"isRenderEnabled":false,"rotationMatrix":[0.998397171,0.0565956831,0,-0.0565956831,0.998397171,0,0,0,1],"shapeName":"/levels/ms_s2/art/shapes/objects_hr/pole_metal1.dae","useInstanceRenderData":true}
{"class":"TSStatic","persistentId":"02474174-4133-4d0f-8155-16295766fcc4","__parent":"SimGroup_","position":[246.271332,347.29425,-236.443634],"isRenderEnabled":false,"rotationMatrix":[-0.543350458,-0.837788224,-0.0536783263,0.838318348,-0.544871569,0.0183731578,-0.0446406007,-0.0350164622,0.998389244],"shapeName":"/levels/ms_s1/art/shapes/buildings/italy_construction_site_net.DAE","useInstanceRenderData":true}
{"class":"TSStatic","persistentId":"02559d9f-b34a-4817-b8b8-fbc985a2de8b","__parent":"SimGroup_","position":[-350.254822,30.3720264,-289.484192],"isRenderEnabled":false,"rotationMatrix":[-0.813258886,-0.581104338,-0.0304696765,0.580380142,-0.813803673,0.0297179073,-0.0420655236,0.00648434833,0.999093831],"shapeName":"/art/shapes/garage_and_dealership/Clutter/hr_plasticbarrier_red.DAE","useInstanceRenderData":true}
{"class":"TSStatic","persistentId":"02d830f8-8f9b-4b93-81b9-c1338f06c634","__parent":"SimGroup_","position":[-434.353943,342.991089,-291.929016],"isRenderEnabled":false,"rotationMatrix":[-0.0854457617,-0.996342838,-0.000204905868,0.993195832,-0.0851922035,0.0794008821,-0.0791279525,0.00658095255,0.996842742],"shapeName":"/art/shapes/garage_and_dealership/Clutter/hr_plasticbarrier.DAE","useInstanceRenderData":true}
{"class":"TSStatic","persistentId":"034f4cc8-0aed-46e4-a694-ce0a27942490","__parent":"SimGroup_","position":[-311.55307,234.479813,-288.274323],"isRenderEnabled":false,"rotationMatrix":[-0.989552259,-0.134718046,0.0513500385,0.129656568,-0.987312794,-0.0916631818,0.0630472451,-0.0840476602,0.994465172],"shapeName":"/levels/ms_s1/art/shapes/buildings/italy_construction_site_net_folded.DAE","useInstanceRenderData":true}
{"class":"TSStatic","persistentId":"0365731f-edbd-47f5-a9cc-53c0b5bb2b1a","__parent":"SimGroup_","position":[-348.10675,108.779114,-290.566833],"isRenderEnabled":false,"rotationMatrix":[0.0428444743,-0.999038577,-0.00928468257,0.976375341,0.0438389778,-0.211587429,0.211791039,7.4505806e-09,0.977314949],"shapeName":"/levels/ms_s1/art/shapes/buildings/italy_construction_site_net_folded.DAE","useInstanceRenderData":true}
{"class":"TSStatic","persistentId":"04016416-55d8-4923-937a-ab77c5a7335c","__parent":"SimGroup_","position":[-448.407196,496.882996,-296.035278],"isRenderEnabled":false,"rotationMatrix":[0.982829511,0.133873641,-0.126980409,-0.145431131,0.985574424,-0.0865610465,0.113560401,0.10354165,0.988121033],"shapeName":"/art/shapes/garage_and_dealership/Clutter/hr_plasticbarrier.DAE","useInstanceRenderData":true}
{"class":"TSStatic","persistentId":"041cbb97-20c2-46d8-800a-0e16d47ed150","__parent":"SimGroup_","position":[-332.873138,134.122421,-289.635986],"isRenderEnabled":false,"rotationMatrix":[0.530995488,0.84624213,0.0437968336,-0.847358406,0.529955149,0.0336351134,0.00525309145,-0.0549717061,0.998474121],"shapeName":"/levels/ms_s1/art/shapes/buildings/italy_construction_site_net.DAE","useInstanceRenderData":true}
{"class":"TSStatic","persistentId":"05a08560-b525-4d02-adb6-4594901b21ae","__parent":"SimGroup_","position":[-346.943054,31.8831539,-289.366272],"isRenderEnabled":false,"rotationMatrix":[-0.998682976,0.0305375662,-0.0412223376,-0.030511586,-0.999533296,-0.00125941751,-0.041241575,-5.82076609e-11,0.999149203],"shapeName":"/art/shapes/garage_and_dealership/Clutter/hr_plasticbarrier_red.DAE","useInstanceRenderData":true}
{"class":"TSStatic","persistentId":"05c6d8c0-daa0-45b8-83bc-36ceb6f52745","__parent":"SimGroup_","position":[-341.074921,38.8384323,-289.041901],"isRenderEnabled":false,"rotationMatrix":[0.986288488,-0.159029067,0.0440994278,0.158879876,0.987273872,0.00688984012,-0.0446338952,0.000211141538,0.99900341],"shapeName":"/art/shapes/garage_and_dealership/Clutter/hr_plasticbarrier.DAE","useInstanceRenderData":true}
{"class":"TSStatic","persistentId":"06e6e42e-44f3-46bb-aad8-e0ca22640e3c","__parent":"SimGroup_","position":[384.968536,426.357056,-197.229599],"isRenderEnabled":false,"rotationMatrix":[0.638652682,-0.76949507,0,0.76949507,0.638652682,0,0,0,1],"scale":[1.29597163,1.29597163,0.963598609],"shapeName":"/levels/ms_s1/art/shapes/buildings/italy_clutter_pallet.DAE","useInstanceRenderData":true}
{"class":"TSStatic","persistentId":"077127b7-ede3-4e08-aa7a-15e1bad1fad9","__parent":"SimGroup_","position":[-441.059662,-458.967285,-319.654755],"isRenderEnabled":false,"rotationMatrix":[0.999876022,-0.015746193,0,0.015746193,0.999876022,0,0,0,1],"shapeName":"/levels/ms_s2/art/shapes/objects_hr/pole_metal1.dae","useInstanceRenderData":true}
{"class":"TSStatic","persistentId":"0860beb1-923a-40a2-bd43-55b0ce9e2334","__parent":"SimGroup_","position":[-339.420715,38.6234627,-288.973236],"isRenderEnabled":false,"rotationMatrix":[0.998680234,-0.0254242793,0.0446248353,0.0254083648,0.999676704,0.00092392182,-0.0446339026,0.000211141625,0.99900341],"shapeName":"/art/shapes/garage_and_dealership/Clutter/hr_plasticbarrier_red.DAE","useInstanceRenderData":true}
{"class":"TSStatic","persistentId":"0a012c64-7be3-47c9-8195-659367967d39","__parent":"SimGroup_","position":[-446.88446,-477.194183,-319.654755],"isRenderEnabled":false,"rotationMatrix":[0.999920666,-0.0125955781,0,0.0125955781,0.999920666,0,0,0,1],"shapeName":"/levels/ms_s2/art/shapes/objects_hr/pole_metal1.dae","useInstanceRenderData":true}
{"class":"TSStatic","persistentId":"0a50768f-9618-4750-a6eb-a6a396b2837d","__parent":"SimGroup_","position":[-434.260315,340.839569,-291.947784],"isRenderEnabled":false,"rotationMatrix":[0.223807216,-0.973977029,-0.0357642844,0.974262178,0.222558618,0.0357882194,-0.0268972516,-0.042853456,0.998719215],"shapeName":"/art/shapes/garage_and_dealership/Clutter/hr_plasticbarrier_red.DAE","useInstanceRenderData":true}
{"class":"TSStatic","persistentId":"0a560ee8-86ca-41cc-92e3-d3669438057c","__parent":"SimGroup_","position":[-426.829041,349.722412,-292.601837],"isRenderEnabled":false,"rotationMatrix":[0.296480715,0.955038846,0,-0.955038846,0.296480715,0,0,0,1],"shapeName":"/levels/ms_s1/art/shapes/buildings/italy_construction_site_net.DAE","useInstanceRenderData":true}
{"class":"TSStatic","persistentId":"0d83daf2-d7d2-414c-8125-2ec97e594bd3","__parent":"SimGroup_","position":[-162.772659,220.860962,-281.961823],"isRenderEnabled":false,"rotationMatrix":[-0.958346367,-0.23035793,-0.168840244,0.233094648,-0.97244668,0.00370416231,-0.165041462,-0.0358058885,0.985636473],"shapeName":"/levels/ms_s1/art/shapes/race/sign_checkpoint.dae","useInstanceRenderData":true}
{"class":"TSStatic","persistentId":"0e887413-67c2-4728-89fc-bbd0af7805b8","__parent":"SimGroup_","position":[-424.946167,356.824036,-292.601837],"isRenderEnabled":false,"rotationMatrix":[0.236355662,0.971666455,0,-0.971666455,0.236355662,0,0,0,1],"shapeName":"/levels/ms_s1/art/shapes/buildings/italy_construction_site_net.DAE","useInstanceRenderData":true}
{"class":"TSStatic","persistentId":"11438873-d15f-4807-8da4-9394725f3d1f","__parent":"SimGroup_","position":[-408.271301,-484.47525,-318.697449],"isRenderEnabled":false,"rotationMatrix":[0.792571127,0.58618933,0.167967379,-0.589256227,0.807128787,-0.036333181,-0.156869441,-0.0701792166,0.98512274],"shapeName":"/art/shapes/garage_and_dealership/Clutter/clutter_workshop_toolbox.dae","useInstanceRenderData":true}
{"class":"TSStatic","persistentId":"11b5e3d2-b22e-493a-ba6c-72abf2befbaf","__parent":"SimGroup_","position":[-173.626801,221.471771,-281.890594],"isRenderEnabled":false,"rotationMatrix":[-0.979148507,0.183794037,-0.0865311772,-0.183080509,-0.982964635,-0.0161795374,-0.0880308002,0,0.996117771],"shapeName":"/levels/ms_s1/art/shapes/race/sign_checkpoint.dae","useInstanceRenderData":true}
{"class":"TSStatic","persistentId":"11e93ecc-73cb-4dc2-bbd8-70d1ca7de248","__parent":"SimGroup_","position":[-446.382751,-497.906708,-319.654755],"isRenderEnabled":false,"rotationMatrix":[0.997563243,0.0697679892,0,-0.0697679892,0.997563243,0,0,0,1],"shapeName":"/levels/ms_s2/art/shapes/objects_hr/pole_metal1.dae","useInstanceRenderData":true}
{"class":"TSStatic","persistentId":"1220f591-b1f6-4a3e-9184-df543144bab4","__parent":"SimGroup_","position":[-321.259674,468.004517,-289.034119],"isRenderEnabled":false,"rotationMatrix":[0.333217263,0.940589666,-0.0652478486,-0.942647338,0.330911815,-0.0437426977,-0.0195526499,0.0760815293,0.996909857],"shapeName":"/levels/ms_s1/art/shapes/race/sign_checkpoint.dae","useInstanceRenderData":true}
{"class":"TSStatic","persistentId":"135797d8-913b-44f4-aac9-388a18e589a5","__parent":"SimGroup_","position":[-446.960693,-458.87442,-319.654755],"isRenderEnabled":false,"rotationMatrix":[0.999876022,-0.015746193,0,0.015746193,0.999876022,0,0,0,1],"shapeName":"/levels/ms_s2/art/shapes/objects_hr/pole_metal1.dae","useInstanceRenderData":true}
{"class":"TSStatic","persistentId":"1408c795-7cbd-490e-83de-676f14b8f396","__parent":"SimGroup_","position":[-440.977844,-465.093506,-319.654755],"isRenderEnabled":false,"rotationMatrix":[1,0.000239482164,0,-0.000239482164,1,0,0,0,1],"shapeName":"/levels/ms_s2/art/shapes/objects_hr/pole_metal1.dae","useInstanceRenderData":true}
{"class":"TSStatic","persistentId":"17c9ea8d-f1f8-4d27-a816-d5d57aa87bc3","__parent":"SimGroup_","position":[-423.927551,361.687103,-292.601837],"isRenderEnabled":false,"rotationMatrix":[0.172025621,0.985092402,0,-0.985092402,0.172025621,0,0,0,1],"shapeName":"/levels/ms_s1/art/shapes/buildings/italy_construction_site_net.DAE","useInstanceRenderData":true}
{"class":"TSStatic","persistentId":"18d4e549-22a9-4dcc-a3b7-e3635b0502da","__parent":"SimGroup_","position":[-307.372284,232.106094,-288.263672],"isRenderEnabled":false,"rotationMatrix":[0.568474054,-0.822667658,-0.0074284235,0.821834862,0.568266571,-0.0407489166,0.0377441421,0.0170597658,0.999141812],"shapeName":"/levels/ms_s1/art/shapes/buildings/italy_construction_site_net.DAE","useInstanceRenderData":true}
{"class":"TSStatic","persistentId":"19c94cb4-dd18-4537-951c-5417333e787f","__parent":"SimGroup_","position":[-320.330414,47.9430046,-288.219879],"isRenderEnabled":false,"rotationMatrix":[-0.960665226,0.276030511,-0.030490594,-0.276212007,-0.961095095,0.00182686513,-0.028800087,0.0101768728,0.999533355],"shapeName":"/art/shapes/garage_and_dealership/Clutter/hr_plasticbarrier_red.DAE","useInstanceRenderData":true}
{"class":"TSStatic","persistentId":"1aea7709-182b-44b6-86ae-e5c639355036","__parent":"SimGroup_","position":[-321.451355,47.2837372,-288.275909],"isRenderEnabled":false,"rotationMatrix":[-0.365036726,-0.930946171,-0.00934439339,0.930920899,-0.365114927,0.00878546759,-0.0115905758,-0.00549187325,0.999917746],"shapeName":"/art/shapes/garage_and_dealership/Clutter/hr_plasticbarrier.DAE","useInstanceRenderData":true}
{"class":"TSStatic","persistentId":"1af4ad64-623b-4df9-ae37-7eb733faaebb","__parent":"SimGroup_","position":[-446.915253,-485.256989,-319.654755],"isRenderEnabled":false,"rotationMatrix":[0.99993217,0.011648831,0,-0.011648831,0.99993217,0,0,0,1],"shapeName":"/levels/ms_s2/art/shapes/objects_hr/pole_metal1.dae","useInstanceRenderData":true}
{"class":"TSStatic","persistentId":"1c770449-667f-45de-9ab9-ab49f1fb1586","__parent":"SimGroup_","position":[385.185944,429.598999,-194.042587],"isRenderEnabled":false,"rotationMatrix":[-0.661870599,0.749618232,0,-0.749618232,-0.661870599,0,0,0,1],"shapeName":"/levels/ms_s2/art/shapes/objects_hr/gazebo_yellow.dae","useInstanceRenderData":true}
{"class":"TSStatic","persistentId":"1cb31d5d-ca23-4da0-b320-d62f9d14eabd","__parent":"SimGroup_","position":[-418.83139,-484.050079,-319.036987],"isRenderEnabled":false,"rotationMatrix":[0.989230096,0.123317994,0.0788450688,-0.133877963,0.980059385,0.146834046,-0.0591655672,-0.15580827,0.98601383],"shapeName":"/art/shapes/objects/s_metal_fence.dae","useInstanceRenderData":true}
{"class":"TSStatic","persistentId":"1cc0ba46-5dde-4780-b973-e1f64e60b974","__parent":"SimGroup_","position":[-430.707977,-495.318115,-319.992706],"isRenderEnabled":false,"rotationMatrix":[-0.315091491,-0.949050486,0.00455437182,0.949056447,-0.315070868,0.00473080901,-0.00305482699,0.00581299281,0.999978423],"shapeName":"/art/shapes/objects/s_metal_fence.dae","useInstanceRenderData":true}
{"class":"TSStatic","persistentId":"1e346e9a-e2a3-4a7e-b7a4-3613e93a937f","__parent":"SimGroup_","position":[-297.624329,456.156921,-288.380524],"isRenderEnabled":false,"rotationMatrix":[0.972010612,0.234936878,0,-0.234936878,0.972010612,0,0,0,1],"shapeName":"/levels/ms_s1/art/shapes/buildings/italy_construction_site_net_rolled.DAE","useInstanceRenderData":true}
{"class":"TSStatic","persistentId":"1e3e9498-8d9b-4f0a-9f1f-82fe69ff75ba","__parent":"SimGroup_","position":[-286.092651,451.074707,-286.686981],"isRenderEnabled":false,"rotationMatrix":[-0.900519848,0.412938654,-0.136178911,-0.415378571,-0.909577608,-0.011331277,-0.12854448,0.0463617742,0.990619481],"shapeName":"/levels/ms_s1/art/shapes/buildings/italy_construction_site_net.DAE","useInstanceRenderData":true}
{"class":"TSStatic","persistentId":"1f0afd61-a9ea-40bd-89bc-137e833a9ca8","__parent":"SimGroup_","position":[-425.201782,-496.202606,-319.970734],"isRenderEnabled":false,"rotationMatrix":[-0.0906946659,-0.995863378,0.00551200705,0.995873988,-0.0906759501,0.00356939901,-0.00305482699,0.00581299048,0.999978423],"shapeName":"/art/shapes/objects/s_metal_fence.dae","useInstanceRenderData":true}
{"class":"TSStatic","persistentId":"2110173d-5e11-442e-8fe2-2d58b9644cef","__parent":"SimGroup_","position":[-331.720978,136.206558,-289.5242],"isRenderEnabled":false,"rotationMatrix":[0.737319946,0.672608256,-0.0629081726,-0.66391921,0.738684654,0.116431162,0.124781847,-0.0440810807,0.9912045],"shapeName":"/levels/ms_s1/art/shapes/buildings/italy_construction_site_net_folded.DAE","useInstanceRenderData":true}
{"class":"TSStatic","persistentId":"23583106-f44b-4e2c-8938-4c3d4ae73d48","__parent":"SimGroup_","position":[-422.418427,361.249969,-291.754303],"isRenderEnabled":false,"rotationMatrix":[0.801860809,0.593591511,0.0683246553,-0.584002674,0.802769125,-0.120426506,-0.126333088,0.056663502,0.990368187],"shapeName":"/art/shapes/garage_and_dealership/Clutter/hr_plasticbarrier.DAE","useInstanceRenderData":true}
{"class":"TSStatic","persistentId":"2452b998-4329-4907-bd3d-5e42246df072","__parent":"SimGroup_","position":[-430.965912,-477.663513,-319.654755],"isRenderEnabled":false,"rotationMatrix":[0.997385502,0.0722642988,0,-0.0722642988,0.997385502,0,0,0,1],"shapeName":"/levels/ms_s2/art/shapes/objects_hr/pole_metal1.dae","useInstanceRenderData":true}
{"class":"TSStatic","persistentId":"252e7f70-ef97-4214-9ebe-87f7513d493c","__parent":"SimGroup_","position":[-252.148956,428.679138,-286.015991],"isRenderEnabled":false,"rotationMatrix":[-0.998817563,-0.0485806428,0.00174096343,0.0484791286,-0.998096466,-0.0381168537,0.00358939148,-0.0379873924,0.99927175],"shapeName":"/levels/ms_s1/art/shapes/buildings/italy_construction_site_net.DAE","useInstanceRenderData":true}
{"class":"TSStatic","persistentId":"2598db1d-9474-41e4-86db-d76181bd00f8","__parent":"SimGroup_","position":[-336.454895,40.0259399,-288.826019],"isRenderEnabled":false,"rotationMatrix":[0.848036587,0.528743565,0.0355551206,-0.529551327,0.848070264,0.0187647268,-0.0202315114,-0.0347414389,0.999191523],"shapeName":"/art/shapes/garage_and_dealership/Clutter/hr_plasticbarrier_red.DAE","useInstanceRenderData":true}
{"class":"TSStatic","persistentId":"270a4785-1799-4367-bf9b-77b209a32920","__parent":"SimGroup_","position":[-445.145447,-224.477188,-311.794037],"isRenderEnabled":false,"rotationMatrix":[-0.854021549,-0.520237684,0,0.520237684,-0.854021549,0,0,0,1],"shapeName":"/art/shapes/garage_and_dealership/Clutter/hr_plasticbarrier_red.DAE","useInstanceRenderData":true}
{"class":"TSStatic","persistentId":"2762f223-fbc5-4005-915f-88dcb4db91b7","__parent":"SimGroup_","position":[-315.297089,46.1303215,-288.254395],"isRenderEnabled":false,"rotationMatrix":[-0.934445262,0.326813191,0.141439036,-0.335480899,-0.941116929,-0.0418492109,0.119433805,-0.0865558982,0.989062011],"shapeName":"/art/shapes/garage_and_dealership/Clutter/hr_plasticbarrier.DAE","useInstanceRenderData":true}
{"class":"TSStatic","persistentId":"2793caab-fc59-4755-b9b0-048afd93a114","__parent":"SimGroup_","position":[-356.52713,106.477531,-289.867218],"isRenderEnabled":false,"rotationMatrix":[-0.846555948,0.532299817,0,-0.532299817,-0.846555948,0,0,0,1],"shapeName":"/art/shapes/garage_and_dealership/Clutter/hr_plasticbarrier_red.DAE","useInstanceRenderData":true}
{"class":"TSStatic","persistentId":"27ad83da-931e-476d-93f0-fce1981b6f4c","__parent":"SimGroup_","position":[-311.835236,53.8548889,-287.909943],"isRenderEnabled":false,"rotationMatrix":[0.941512167,-0.335344434,0.0331502967,0.334616065,0.9420048,0.0256709419,-0.0398363508,-0.0130768819,0.999120653],"shapeName":"/art/shapes/garage_and_dealership/Clutter/hr_plasticbarrier.DAE","useInstanceRenderData":true}
{"class":"TSStatic","persistentId":"288f88de-3226-41df-be84-d376a41ce2d9","__parent":"SimGroup_","position":[-411.584045,-482.325531,-318.795685],"collisionType":"None","decalType":"None","isRenderEnabled":false,"rotationMatrix":[0.998704195,0.0504541248,-0.00665681157,-0.0493183583,0.991789579,0.117987879,0.0125551326,-0.11750669,0.992992699],"scale":[0.522900343,0.522900343,0.522900343],"shapeName":"/art/shapes/objects/s_standinglight_01.dae","useInstanceRenderData":true}
{"class":"TSStatic","persistentId":"2931ea26-720c-4450-b6d6-43d92f8452a6","__parent":"SimGroup_","position":[384.924469,425.423401,-196.590347],"isRenderEnabled":false,"rotationMatrix":[-0.661870599,0.749618232,0,-0.749618232,-0.661870599,0,0,0,1],"shapeName":"/levels/ms_s2/art/shapes/objects_hr/pole_metal1.dae","useInstanceRenderData":true}
{"class":"TSStatic","persistentId":"298ccddd-c21e-4041-af3d-a389ba3ebc3a","__parent":"SimGroup_","position":[385.946899,427.18689,-197.229599],"isRenderEnabled":false,"rotationMatrix":[-0.66357255,0.748111606,0,-0.748111606,-0.66357255,0,0,0,1],"scale":[1.29597163,1.29597163,0.963598609],"shapeName":"/levels/ms_s1/art/shapes/buildings/italy_clutter_pallet.DAE","useInstanceRenderData":true}
{"class":"TSStatic","persistentId":"29a7ae13-c7bc-489b-a7cf-afd927303156","__parent":"SimGroup_","position":[385.45224,433.76297,-196.590347],"isRenderEnabled":false,"rotationMatrix":[-0.661870599,0.749618232,0,-0.749618232,-0.661870599,0,0,0,1],"shapeName":"/levels/ms_s2/art/shapes/objects_hr/pole_metal1.dae","useInstanceRenderData":true}
{"class":"TSStatic","persistentId":"2a736b4a-75ac-49fc-a76a-d6e66f71a159","__parent":"SimGroup_","position":[-422.824402,367.908569,-292.664276],"isRenderEnabled":false,"rotationMatrix":[0.172026038,0.980481923,-0.0951957256,-0.985092342,0.171220899,-0.016623944,2.60770321e-08,0.09663634,0.995319784],"shapeName":"/levels/ms_s1/art/shapes/buildings/italy_construction_site_net.DAE","useInstanceRenderData":true}
{"class":"TSStatic","persistentId":"2d18773a-9ce2-4c1d-910d-c3dca906a028","__parent":"SimGroup_","position":[-410.827728,340.145111,-291.767853],"isRenderEnabled":false,"rotationMatrix":[0.856711864,-0.514903188,0.030323131,0.515031576,0.85716182,0.0040132869,-0.0280582849,0.0121791381,0.999532104],"shapeName":"/levels/ms_s1/art/shapes/buildings/italy_construction_site_net.DAE","useInstanceRenderData":true}
{"class":"TSStatic","persistentId":"2d2e7913-4577-45eb-ac14-d75cdeba97c5","__parent":"SimGroup_","position":[-430.741699,-484.396576,-319.654755],"isRenderEnabled":false,"rotationMatrix":[0.99993217,0.011648831,0,-0.011648831,0.99993217,0,0,0,1],"shapeName":"/levels/ms_s2/art/shapes/objects_hr/pole_metal1.dae","useInstanceRenderData":true}
{"class":"TSStatic","persistentId":"2d7ea490-8382-48be-9578-c59d25fcccd2","__parent":"SimGroup_","position":[237.573593,335.927765,-237.681534],"isRenderEnabled":false,"rotationMatrix":[-0.714820743,-0.694035649,-0.0857085884,0.698288202,-0.715013146,-0.0339089148,-0.0377487689,-0.0840880871,0.995743036],"shapeName":"/levels/ms_s1/art/shapes/buildings/italy_construction_site_net.DAE","useInstanceRenderData":true}
{"class":"TSStatic","persistentId":"2ef0f0f5-9911-4e15-b4cd-1bf8dac38230","__parent":"SimGroup_","position":[-381.498566,-95.3414917,-291.101898],"isRenderEnabled":false,"rotationMatrix":[0.108367205,0.991891086,-0.0664002821,-0.993443906,0.10560596,-0.0437820926,-0.0364147834,0.0707094893,0.996832073],"shapeName":"/levels/ms_s1/art/shapes/race/sign_checkpoint.dae","useInstanceRenderData":true}
{"class":"TSStatic","persistentId":"2f8c2dbd-d9ff-42dc-9d79-50763e16e49e","__parent":"SimGroup_","position":[-446.87265,-471.010254,-319.654755],"isRenderEnabled":false,"rotationMatrix":[1,0.000239482164,0,-0.000239482164,1,0,0,0,1],"shapeName":"/levels/ms_s2/art/shapes/objects_hr/pole_metal1.dae","useInstanceRenderData":true}
{"class":"TSStatic","persistentId":"302e35ee-8b5f-460b-b1ec-58b953afb793","__parent":"SimGroup_","position":[-450.424866,-206.593842,-312.675964],"isRenderEnabled":false,"rotationMatrix":[0.888926029,0.452260882,0.0725991279,-0.453369826,0.89132148,-0.00134424679,-0.0653171092,-0.0317193121,0.997360289],"shapeName":"/art/shapes/garage_and_dealership/Clutter/hr_plasticbarrier_red.DAE","useInstanceRenderData":true}
{"class":"TSStatic","persistentId":"30343ace-3ff1-4426-a80e-324b10870e20","__parent":"SimGroup_","position":[-290.581238,453.142365,-287.365112],"isRenderEnabled":false,"rotationMatrix":[-0.900519848,0.412938654,-0.136178911,-0.415378571,-0.909577608,-0.011331277,-0.12854448,0.0463617742,0.990619481],"shapeName":"/levels/ms_s1/art/shapes/buildings/italy_construction_site_net.DAE","useInstanceRenderData":true}
{"class":"TSStatic","persistentId":"3098879f-3cbc-4803-83d3-9642be631c1b","__parent":"SimGroup_","position":[232.067062,331.195679,-238.314438],"isRenderEnabled":false,"rotationMatrix":[-0.823855162,-0.560374141,-0.0851071998,0.565194368,-0.823501945,-0.0489856973,-0.042635642,-0.088459231,0.995166898],"shapeName":"/levels/ms_s1/art/shapes/buildings/italy_construction_site_net.DAE","useInstanceRenderData":true}
{"class":"TSStatic","persistentId":"30b99a76-3c0f-4665-98b3-595cf83adbaa","__parent":"SimGroup_","position":[-447.048279,-464.789062,-319.654755],"isRenderEnabled":false,"rotationMatrix":[0.999876022,-0.015746193,0,0.015746193,0.999876022,0,0,0,1],"shapeName":"/levels/ms_s2/art/shapes/objects_hr/pole_metal1.dae","useInstanceRenderData":true}
{"class":"TSStatic","persistentId":"3297c1c8-5e15-4421-8ac5-267b3fe727a4","__parent":"SimGroup_","position":[-423.625183,363.315857,-292.601837],"isRenderEnabled":false,"rotationMatrix":[0.172025621,0.985092402,0,-0.985092402,0.172025621,0,0,0,1],"shapeName":"/levels/ms_s1/art/shapes/buildings/italy_construction_site_net.DAE","useInstanceRenderData":true}
{"class":"TSStatic","persistentId":"33f500fb-8156-4104-986c-afac2ec4c040","__parent":"SimGroup_","position":[-333.326141,41.8494987,-288.684845],"isRenderEnabled":false,"rotationMatrix":[0.829782009,0.55630064,0.044624839,-0.556889415,0.830586135,0.000923922285,-0.0365507938,-0.0256177541,0.99900341],"shapeName":"/art/shapes/garage_and_dealership/Clutter/hr_plasticbarrier_red.DAE","useInstanceRenderData":true}
{"class":"TSStatic","persistentId":"3532e81c-f689-46e1-924f-3884a9fdbcf0","__parent":"SimGroup_","position":[-440.54071,-497.164307,-320.005219],"isRenderEnabled":false,"rotationMatrix":[0.262485504,0.964935839,0,-0.964935839,0.262485504,0,0,0,1],"shapeName":"/art/shapes/garage_and_dealership/garage/s_small_toolbox_02.dae","useInstanceRenderData":true}
{"class":"TSStatic","persistentId":"361e485a-a411-452d-abde-7d964bdc622d","__parent":"SimGroup_","position":[-365.439728,498.876526,-294.234039],"isRenderEnabled":false,"rotationMatrix":[-0.976375699,-0.216079369,0,0.216079369,-0.976375699,0,0,0,1],"shapeName":"/levels/ms_s1/art/shapes/buildings/italy_construction_site_net_folded.DAE","useInstanceRenderData":true}
