{"class":"DecalRoad","persistentId":"071e86cc-4ac2-4019-ba17-6a038ef03cbc","__parent":"SimGroup_","position":[-431.828186,-211.712189,35.2483253],"improvedSpline":true,"material":"track_rubber","nodes":[[-431.828186,-211.712189,35.2483253,4],[-436.833191,-195.090225,36.3224792,4],[-444.186462,-179.22081,37.4178848,4],[-452.29187,-161.931091,38.4444542,4],[-457.065857,-140.810654,38.2551651,4],[-457.75531,-118.871422,37.2235756,4]],"startEndFade":[40,40],"textureLength":20}
{"class":"DecalRoad","persistentId":"1fa5f1b4-8c69-46d2-a94c-d98b6c1b9a22","__parent":"SimGroup_","position":[-341.684723,-380.214844,32.9223213],"improvedSpline":true,"material":"track_rubber","nodes":[[-341.684723,-380.214844,32.9223213,4],[-370.233948,-384.142029,35.5411339,4],[-375.091339,-372.163849,35.8077087,4],[-365.215424,-354.578064,34.9255638,4]],"startEndFade":[15,15],"textureLength":20}
{"class":"DecalRoad","persistentId":"2d3ad90b-efe6-42fe-81ef-093582abd6a3","__parent":"SimGroup_","position":[-352.103577,-382.961823,34.3562317],"improvedSpline":true,"material":"track_rubber","nodes":[[-352.103577,-382.961823,34.3562317,4],[-371.173462,-385.691925,35.5867653,4],[-378.388062,-377.072998,36.0292931,4],[-367.556183,-358.793945,35.1123352,4]],"startEndFade":[15,15],"textureLength":20}
{"class":"DecalRoad","persistentId":"2fe35723-8dff-44b6-b736-4ed1a6db2810","__parent":"SimGroup_","position":[-152.333511,-463.538727,18.9000492],"improvedSpline":true,"material":"track_rubber","nodes":[[-152.333511,-463.538727,18.9000492,4],[-181.328171,-473.126923,19.9980145,4],[-200.516403,-464.639435,20.641304,4],[-219.664154,-442.809418,21.5168915,4]],"startEndFade":[30,30],"textureLength":20}
{"class":"DecalRoad","persistentId":"3f052715-d463-416c-bb7f-32b1676d09c0","__parent":"SimGroup_","position":[-338.048737,-375.572784,32.1725006],"improvedSpline":true,"material":"track_rubber","nodes":[[-338.048737,-375.572784,32.1725006,4],[-367.531067,-386.539246,35.3542557,4],[-375.895691,-374.644104,35.9513054,4],[-366.73175,-357.783356,35.0629578,4]],"startEndFade":[15,15],"textureLength":20}
{"class":"DecalRoad","persistentId":"45b82539-9e01-4bd3-90b2-2723e36d336d","__parent":"SimGroup_","position":[-349.593567,-169.705917,25.6021442],"improvedSpline":true,"material":"track_rubber","nodes":[[-349.593567,-169.705917,25.6021442,4],[-355.392487,-155.402054,24.9895267,4],[-348.395935,-150.761688,24.0729103,4],[-336.689911,-160.101852,23.3871899,4]],"startEndFade":[15,15],"textureLength":20}
{"class":"DecalRoad","persistentId":"491b1a9b-541c-4071-afd6-915c33e97192","__parent":"SimGroup_","position":[-109.190598,-52.6657677,34.1999512],"improvedSpline":true,"material":"dirt_road_flows","nodes":[[-109.190598,-52.6657677,34.1999512,4],[-106.733467,-58.6126938,34.3721962,4],[-106.367714,-65.6636353,34.3444824,5.6999979],[-108.614067,-76.1098785,34.3444824,4]],"startEndFade":[5,5],"textureLength":20}
{"class":"DecalRoad","persistentId":"5b0e7e69-7b5f-4848-b659-13e31d3421e0","__parent":"SimGroup_","position":[-4.50161219,-448.597107,17.24436],"improvedSpline":true,"material":"track_rubber","nodes":[[-4.50161219,-448.597107,17.24436,4],[-12.3034582,-436.922791,17.1100502,4],[-25.6606503,-428.085449,17.1586285,4],[-44.7707367,-422.804657,17.0450764,4]],"startEndFade":[15,15],"textureLength":20}
{"class":"DecalRoad","persistentId":"6a4a2fff-1c79-4802-a69c-577ceb25ad47","__parent":"SimGroup_","position":[54.9820251,-407.545105,18.2925148],"improvedSpline":true,"material":"track_rubber","nodes":[[54.9820251,-407.545105,18.2925148,4],[50.1040497,-419.35199,18.0644035,4],[50.0133324,-438.130463,17.929142,4]],"startEndFade":[15,15],"textureLength":20}
{"class":"DecalRoad","persistentId":"6eece507-819d-4a38-bde8-c82347d69efd","__parent":"SimGroup_","position":[-357.200378,-188.949615,27.3413239],"improvedSpline":true,"material":"track_rubber","nodes":[[-357.200378,-188.949615,27.3413239,4],[-348.029327,-196.780777,26.7168312,4],[-342.283081,-192.713608,26.2462177,4],[-350.1297,-174.001389,25.7009506,4]],"startEndFade":[15,15],"textureLength":20}
{"class":"DecalRoad","persistentId":"711c3576-7075-4fdb-9547-3b7a54b53bb6","__parent":"SimGroup_","position":[-457.242065,-121.44455,37.4034004],"improvedSpline":true,"material":"track_rubber","nodes":[[-457.242065,-121.44455,37.4034004,4],[-455.998322,-106.521393,36.021122,4],[-447.443573,-103.208275,35.1319351,4],[-439.187836,-117.649803,33.6581154,4]],"startEndFade":[15,15],"textureLength":20}
{"class":"DecalRoad","persistentId":"883a2876-f71b-447f-9547-78c1b3ade3d2","__parent":"SimGroup_","position":[-456.621277,-118.615753,37.2038956],"improvedSpline":true,"material":"track_rubber","nodes":[[-456.621277,-118.615753,37.2038956,4],[-455.149506,-104.493492,35.7146873,4],[-449.128601,-101.545326,35.1316414,4],[-442.686646,-110.720779,34.7398033,4]],"startEndFade":[15,15],"textureLength":20}
{"class":"DecalRoad","persistentId":"964688d6-e745-4177-8d58-dac93c710bbb","__parent":"SimGroup_","position":[-347.254852,-175.158966,25.742281],"improvedSpline":true,"material":"track_rubber","nodes":[[-347.254852,-175.158966,25.742281,4],[-356.976471,-153.315582,24.8341236,4],[-348.725342,-150.45253,24.0927582,4],[-334.030792,-163.524582,22.9496822,4]],"startEndFade":[15,15],"textureLength":20}
{"class":"DecalRoad","persistentId":"9fecb134-ad00-439c-885f-37f07f9f536d","__parent":"SimGroup_","position":[-343.41452,-379.82373,33.1553345],"improvedSpline":true,"material":"track_rubber","nodes":[[-343.41452,-379.82373,33.1553345,4],[-364.608093,-385.46817,35.1767311,4],[-378.181396,-377.3815,36.0300484,4],[-364.380646,-354.724792,34.9068031,4]],"startEndFade":[15,15],"textureLength":20}
{"class":"DecalRoad","persistentId":"ad29808c-62fa-4702-882f-d97f8ff5ba55","__parent":"SimGroup_","position":[53.5444489,-438.200562,17.8154526],"improvedSpline":true,"material":"track_rubber","nodes":[[53.5444489,-438.200562,17.8154526,4],[43.2676086,-456.747437,17.4413147,4],[26.8503208,-465.506775,18.2047482,4],[8.85693264,-462.546814,17.4520683,4],[-4.82905579,-448.485596,17.2432175,4]],"startEndFade":[30,30],"textureLength":20}
{"class":"DecalRoad","persistentId":"b74f13eb-9bae-457c-b68d-2161cf5f6a92","__parent":"SimGroup_","position":[-368.675049,-363.74942,35.2990913],"improvedSpline":true,"material":"track_rubber","nodes":[[-368.675049,-363.74942,35.2990913,4],[-358.533539,-343.08432,33.8511276,4],[-365.053131,-318.876862,33.5431709,4],[-379.056091,-300.650391,34.2957726,4]],"startEndFade":[15,30],"textureLength":20}
{"class":"DecalRoad","persistentId":"b9903ef7-8dcc-4c09-b7f0-b2faec5e2609","__parent":"SimGroup_","position":[-66.7457733,-419.354553,16.509037],"improvedSpline":true,"material":"track_rubber","nodes":[[-66.7457733,-419.354553,16.509037,4],[-91.5694733,-422.000671,16.4240417,4],[-112.86409,-437.332428,17.1416893,4]],"startEndFade":[15,15],"textureLength":20}
{"class":"DecalRoad","persistentId":"bc912892-aade-43c5-8617-a904c6dfc7e1","__parent":"SimGroup_","position":[-320.384399,-178.052536,21.550518],"improvedSpline":true,"material":"track_rubber","nodes":[[-320.384399,-178.052536,21.550518,4],[-300.243073,-188.186905,20.8686237,4],[-278.087097,-195.360962,19.5809536,4]],"startEndFade":[20,20],"textureLength":20}
{"class":"DecalRoad","persistentId":"c2e98a56-9ff3-4d65-8d81-9d94a41c1aa2","__parent":"SimGroup_","position":[-351.08078,-168.392776,25.5540638],"improvedSpline":true,"material":"track_rubber","nodes":[[-351.08078,-168.392776,25.5540638,4],[-355.99704,-154.403122,24.9065876,4],[-350.051971,-147.991928,24.1981583,4],[-331.992798,-166.054855,22.6272793,4]],"startEndFade":[15,15],"textureLength":20}
{"class":"DecalRoad","persistentId":"c909c5c0-3513-4bc3-889c-2cc4525518cc","__parent":"SimGroup_","position":[-379.056091,-300.650391,34.2957726],"improvedSpline":true,"material":"track_rubber","nodes":[[-379.056091,-300.650391,34.2957726,4],[-398.8992,-280.841644,35.1839981,4],[-414.263702,-267.835602,35.1178894,4],[-423.935516,-253.635605,34.9313889,4],[-428.258209,-228.708328,34.8668823,4]],"startEndFade":[40,40],"textureLength":20}
{"class":"DecalRoad","persistentId":"d3237ad1-b0d9-47cd-ac08-9b096d6df41a","__parent":"SimGroup_","position":[-457.029449,-119.075821,37.2368088],"improvedSpline":true,"material":"track_rubber","nodes":[[-457.029449,-119.075821,37.2368088,4],[-456.184052,-103.575874,35.641964,4],[-447.983337,-103.953453,35.1320114,4],[-440.885437,-113.768524,34.2841263,4]],"startEndFade":[15,15],"textureLength":20}
{"class":"DecalRoad","persistentId":"ead7ca4a-1c96-432c-a1f9-2579d652ae11","__parent":"SimGroup_","position":[-359.568359,-186.847778,27.4085159],"improvedSpline":true,"material":"track_rubber","nodes":[[-359.568359,-186.847778,27.4085159,4],[-348.957001,-195.461136,26.7985783,4],[-342.355408,-191.602692,26.1988468,4],[-348.646851,-175.686935,25.7471867,4]],"startEndFade":[15,15],"textureLength":20}
{"class":"DecalRoad","persistentId":"f45d5eed-97d5-477c-98b0-bf1e5bff2141","__parent":"SimGroup_","position":[-269.230133,-384.1698,24.830946],"improvedSpline":true,"material":"track_rubber","nodes":[[-269.230133,-384.1698,24.830946,4],[-306.582489,-370.760345,27.7639542,4],[-341.011261,-376.673248,32.6308517,4]],"startEndFade":[15,15],"textureLength":20}
{"class":"DecalRoad","persistentId":"fd6a1a70-1554-4ca9-a176-07f69bf71a9f","__parent":"SimGroup_","position":[-371.614349,-174.119904,28.0184212],"improvedSpline":true,"material":"track_rubber","nodes":[[-371.614349,-174.119904,28.0184212,4],[-349.980225,-195.490784,26.8634491,4],[-343.571106,-187.459686,26.0291748,4],[-350.029053,-170.862457,25.626564,4]],"startEndFade":[15,15],"textureLength":20}
{"name":"SimGroup_","class":"SimGroup","persistentId":"e95d2bb8-850e-4279-983a-1b075d0e1bab","groupPosition":"0 0 0"}
{"class":"TSStatic","persistentId":"0087e533-378a-4ba2-9b7d-3b7b665139a3","__parent":"SimGroup_","position":[54.3353195,-431.539856,18.1514244],"isRenderEnabled":false,"rotationMatrix":[-0.997303724,-0.0670496225,-0.0298215616,0.0674246252,-0.997655034,-0.0117511218,-0.0289637279,-0.0137301469,0.999486148],"shapeName":"/levels/ms_s2/art/shapes/race/sign_checkpoint.dae","useInstanceRenderData":true}
{"class":"TSStatic","persistentId":"03645465-0a2d-44c5-9b8e-813b9ba5775e","__parent":"SimGroup_","position":[-92.5423965,-77.1488419,34.3167191],"isRenderEnabled":false,"shapeName":"/art/shapes/garage_and_dealership/Clutter/clutter_workshop_white_bottle.dae","useInstanceRenderData":true}
{"class":"TSStatic","persistentId":"03dc7e7d-19d5-449d-88f0-e8a0378c0ab3","__parent":"SimGroup_","position":[-408.844635,308.740112,19.3550167],"isRenderEnabled":false,"rotationMatrix":[0.415138602,0.909758091,0,-0.909758091,0.415138602,0,0,0,1],"shapeName":"/levels/ms_s2/art/shapes/buildings/italy_construction_site_net.DAE","useInstanceRenderData":true}
{"class":"TSStatic","persistentId":"060e1d11-b0f0-466c-8fc6-616d46618019","__parent":"SimGroup_","position":[499.416565,498.646301,69.3556366],"isRenderEnabled":false,"rotationMatrix":[-0.418909311,-0.908027709,0,0.908027709,-0.418909311,0,0,0,1],"scale":[1.08046865,1.08046865,1.08046865],"shapeName":"/levels/ms_s2/art/shapes/buildings/italy_clutter_plastic_chair_a.DAE","useInstanceRenderData":true}
{"class":"TSStatic","persistentId":"07fa088a-e2c6-40f8-9dd4-fb45c6baa61e","__parent":"SimGroup_","position":[-237.511078,-91.2381897,14.5890617],"isRenderEnabled":false,"rotationMatrix":[0.40013212,-0.916457415,0,0.916457415,0.40013212,0,0,0,1],"shapeName":"/levels/ms_s2/art/shapes/buildings/italy_construction_site_net.DAE","useInstanceRenderData":true}
{"class":"TSStatic","persistentId":"095fc27e-8c39-46d7-a134-be270b721fa8","__parent":"SimGroup_","position":[-92.5951309,-77.3978195,34.3484039],"isRenderEnabled":false,"rotationMatrix":[-0.504576087,0.863367081,0,-0.863367081,-0.504576087,0,0,0,1],"shapeName":"/art/shapes/garage_and_dealership/Clutter/clutter_workshop_green_can.dae","useInstanceRenderData":true}
{"class":"TSStatic","persistentId":"09f61f1d-fea9-49d7-9748-6e4afd244d70","__parent":"SimGroup_","position":[478.155853,461.836731,68.300827],"isRenderEnabled":false,"rotationMatrix":[-0.946299672,0.317905992,-0.0587545969,-0.31797877,-0.948060751,-0.00835630484,-0.0583594628,0.010775147,0.998237491],"shapeName":"/levels/ms_s2/art/shapes/race/sign_finish.dae","useInstanceRenderData":true}
{"class":"TSStatic","persistentId":"0a52094d-b9bb-4cbf-95c7-78da444187ae","__parent":"SimGroup_","position":[117.651169,97.3147049,16.7368622],"isRenderEnabled":false,"rotationMatrix":[0.14893055,0.988847733,0,-0.988847733,0.14893055,0,0,0,1],"shapeName":"/levels/ms_s2/art/shapes/buildings/italy_construction_site_net.DAE","useInstanceRenderData":true}
{"class":"TSStatic","persistentId":"0d6a04f4-be8b-4c31-b0df-79c4e82afc7c","__parent":"SimGroup_","position":[500.745972,503.382172,69.2743073],"isRenderEnabled":false,"rotationMatrix":[0.847699821,-0.53047359,0.00166229159,0.529986143,0.846777976,-0.0456254818,0.0227955244,0.0395577066,0.998957217],"shapeName":"/art/shapes/objects/s_metal_fence.dae","useInstanceRenderData":true}
{"class":"TSStatic","persistentId":"0e74a9dc-c541-4460-9a3b-75712fa2f2c3","__parent":"SimGroup_","position":[-103.940331,-67.0541382,34.3542442],"collisionType":"None","decalType":"None","isRenderEnabled":false,"rotationMatrix":[0.990724683,-0.13588433,0,0.13588433,0.990724683,0,0,0,1],"scale":[0.522900343,0.522900343,0.522900343],"shapeName":"/art/shapes/objects/s_standinglight_01.dae","useInstanceRenderData":true}
{"class":"TSStatic","persistentId":"0eb1222d-16e6-438c-ad1f-04f030421727","__parent":"SimGroup_","position":[-29.5394878,189.320908,14.88274],"isRenderEnabled":false,"rotationMatrix":[0.0682929158,-0.997665107,0,0.997665107,0.0682929158,0,0,0,1],"shapeName":"/levels/ms_s2/art/shapes/buildings/italy_construction_site_net.DAE","useInstanceRenderData":true}
{"class":"TSStatic","persistentId":"0ff53106-b5a5-4416-a98c-ab5b040a9442","__parent":"SimGroup_","position":[121.274323,103.349953,16.7368622],"isRenderEnabled":false,"rotationMatrix":[0.994953334,0.100338727,0,-0.100338727,0.994953334,0,0,0,1],"shapeName":"/levels/ms_s2/art/shapes/buildings/italy_construction_site_net.DAE","useInstanceRenderData":true}
{"class":"TSStatic","persistentId":"1306cd74-034e-4e3b-865f-118308cd4b32","__parent":"SimGroup_","position":[-344.699249,-203.252213,26.7909184],"isRenderEnabled":false,"rotationMatrix":[0.214137137,-0.975430012,0.0517848022,0.967980027,0.204794765,-0.145167977,0.130995929,0.0812125131,0.988050938],"shapeName":"/art/shapes/objects/s_metal_fence.dae","useInstanceRenderData":true}
{"class":"TSStatic","persistentId":"15c4010e-1e31-4bcd-a95a-f669a8254a91","__parent":"SimGroup_","position":[-96.349823,-75.9320221,34.2610855],"isRenderEnabled":false,"rotationMatrix":[-0.418909311,-0.908027709,0,0.908027709,-0.418909311,0,0,0,1],"scale":[1.08046865,1.08046865,1.08046865],"shapeName":"/levels/ms_s2/art/shapes/buildings/italy_clutter_plastic_chair_a.DAE","useInstanceRenderData":true}
{"class":"TSStatic","persistentId":"172609c2-9c5a-4e3c-84e5-cee4e1b1aa39","__parent":"SimGroup_","position":[-147.365143,-205.797394,17.030756],"isRenderEnabled":false,"rotationMatrix":[-0.743560553,0.668668509,0,-0.668668509,-0.743560553,0,0,0,1],"shapeName":"/levels/ms_s2/art/shapes/buildings/italy_construction_site_net_folded.DAE","useInstanceRenderData":true}
{"class":"TSStatic","persistentId":"175d5fa7-e3af-4f3e-8d89-7ab4e15270b8","__parent":"SimGroup_","position":[-178.408035,285.677032,16.8441124],"isRenderEnabled":false,"shapeName":"/levels/ms_s2/art/shapes/buildings/italy_construction_site_net_rolled.DAE","useInstanceRenderData":true}
{"class":"TSStatic","persistentId":"181489e5-dab0-4742-93ca-4bef781560db","__parent":"SimGroup_","position":[499.159332,499.816925,69.3805008],"isRenderEnabled":false,"shapeName":"/art/shapes/garage_and_dealership/Clutter/plastic_can_big.DAE","useInstanceRenderData":true}
{"class":"TSStatic","persistentId":"18dce859-059e-47ff-8e59-226c2093b867","__parent":"SimGroup_","position":[-350.087341,-144.675186,24.3162632],"isRenderEnabled":false,"rotationMatrix":[-0.0390063524,-0.998506665,-0.0382474214,0.998623729,-0.0376108885,-0.0365506522,0.0350575522,-0.0396204926,0.998599589],"shapeName":"/art/shapes/objects/s_metal_fence.dae","useInstanceRenderData":true}
{"class":"TSStatic","persistentId":"19066160-e11b-49f6-beea-c7a8c43046bd","__parent":"SimGroup_","position":[118.899193,92.5293503,16.7368622],"isRenderEnabled":false,"rotationMatrix":[-0.368630648,0.92957598,0,-0.92957598,-0.368630648,0,0,0,1],"shapeName":"/levels/ms_s2/art/shapes/buildings/italy_construction_site_net.DAE","useInstanceRenderData":true}
{"class":"TSStatic","persistentId":"1996456a-a5c8-452f-ab1d-9a2ad53b5f0c","__parent":"SimGroup_","position":[-361.690796,-188.747299,27.3713264],"isRenderEnabled":false,"rotationMatrix":[-0.647449374,-0.76199466,-0.013156875,0.762077391,-0.647481918,-0.00218803762,-0.00685156789,-0.0114432015,0.99991107],"shapeName":"/art/shapes/objects/s_metal_fence.dae","useInstanceRenderData":true}
{"class":"TSStatic","persistentId":"1a0258e5-5390-4f0a-ad5e-4eaa9457b773","__parent":"SimGroup_","position":[117.976578,94.8559189,16.7368622],"isRenderEnabled":false,"rotationMatrix":[-0.12569499,0.992069185,0,-0.992069185,-0.12569499,0,0,0,1],"shapeName":"/levels/ms_s2/art/shapes/buildings/italy_construction_site_net.DAE","useInstanceRenderData":true}
{"class":"TSStatic","persistentId":"1aaf3673-9956-4c4b-9243-e435bcc88f58","__parent":"SimGroup_","position":[46.2616386,-423.642365,17.5854454],"isRenderEnabled":false,"rotationMatrix":[0.095516026,-0.995427847,0,0.995427847,0.095516026,0,0,0,1],"shapeName":"/levels/ms_s2/art/shapes/buildings/italy_construction_site_net_folded.DAE","useInstanceRenderData":true}
{"class":"TSStatic","persistentId":"1bb8ba39-a255-4fbc-8c3f-267da0eb8ec6","__parent":"SimGroup_","position":[-432.217163,-226.907501,34.9191093],"isRenderEnabled":false,"rotationMatrix":[-0.906586766,-0.420299977,0.0380556807,0.420363158,-0.907331109,-0.0067148949,0.0373513699,0.00990957022,0.999253035],"shapeName":"/art/shapes/objects/s_metal_fence.dae","useInstanceRenderData":true}
{"class":"TSStatic","persistentId":"1ebe9f0f-b7e1-4c0e-9f1b-a3da3a2bf0d9","__parent":"SimGroup_","position":[-104.058281,-71.8006287,34.4139786],"isRenderEnabled":false,"rotationMatrix":[0.918172598,-0.39618057,0,0.39618057,0.918172598,0,0,0,1],"shapeName":"/art/shapes/objects/s_metal_fence.dae","useInstanceRenderData":true}
{"class":"TSStatic","persistentId":"1ec13339-35c4-4cdf-a8ae-406d665dc223","__parent":"SimGroup_","position":[-102.986481,-64.9183502,34.4139786],"isRenderEnabled":false,"rotationMatrix":[0.995947838,0.0899328589,0,-0.0899328589,0.995947838,0,0,0,1],"shapeName":"/art/shapes/objects/s_metal_fence.dae","useInstanceRenderData":true}
{"class":"TSStatic","persistentId":"1ed5213d-2771-42f4-af15-08608cd2173e","__parent":"SimGroup_","position":[-363.647125,-186.869827,27.3811283],"isRenderEnabled":false,"rotationMatrix":[-0.720249414,-0.693668902,-0.00798894372,0.693711221,-0.720235467,-0.00501614343,-0.00227437937,-0.00915489532,0.999955535],"shapeName":"/art/shapes/objects/s_metal_fence.dae","useInstanceRenderData":true}
{"class":"TSStatic","persistentId":"24103140-cdde-478d-a6ae-e6f6e0ce879e","__parent":"SimGroup_","position":[-355.042389,-336.157166,33.348526],"isRenderEnabled":false,"rotationMatrix":[-0.993570089,0.10239768,0.0482975915,-0.0949499309,-0.985989809,0.137142703,0.0616640374,0.131675079,0.989373147],"shapeName":"/art/shapes/objects/s_metal_fence.dae","useInstanceRenderData":true}
{"class":"TSStatic","persistentId":"2754e6dd-6159-4cc8-8d9f-8bb2e91e364f","__parent":"SimGroup_","position":[-30.04146,191.941162,14.8796034],"isRenderEnabled":false,"rotationMatrix":[-0.989437938,0.144957632,0,-0.144957632,-0.989437938,0,0,0,1],"shapeName":"/levels/ms_s2/art/shapes/buildings/italy_construction_site_net_rolled.DAE","useInstanceRenderData":true}
{"class":"TSStatic","persistentId":"27a0e470-b666-4e3e-b0e1-b7a6512e015c","__parent":"SimGroup_","position":[-455.337494,-166.010025,38.3853722],"isRenderEnabled":false,"rotationMatrix":[-0.823503852,-0.560860395,0.0853033811,0.562247634,-0.82691896,-0.00906234048,0.0756217092,0.0404987559,0.99631381],"shapeName":"/art/shapes/objects/s_metal_fence.dae","useInstanceRenderData":true}
{"class":"TSStatic","persistentId":"2843ab41-0f00-4567-8bb0-e5e17e2547b7","__parent":"SimGroup_","position":[-142.815598,-220.680878,17.0307465],"isRenderEnabled":false,"rotationMatrix":[0.831522465,0.555491209,0,-0.555491209,0.831522465,0,0,0,1],"shapeName":"/levels/ms_s2/art/shapes/buildings/italy_construction_site_net.DAE","useInstanceRenderData":true}
{"class":"TSStatic","persistentId":"2a523303-dd7a-4088-a4e1-814263367289","__parent":"SimGroup_","position":[46.2973175,-413.843384,17.5854321],"isRenderEnabled":false,"rotationMatrix":[0.343950868,0.938987494,0,-0.938987494,0.343950868,0,0,0,1],"shapeName":"/levels/ms_s2/art/shapes/buildings/italy_construction_site_net.DAE","useInstanceRenderData":true}
{"class":"TSStatic","persistentId":"2ead1958-6564-4830-93c1-b93fdc830f70","__parent":"SimGroup_","position":[-454.164093,-94.7763214,34.5413551],"isRenderEnabled":false,"rotationMatrix":[0.103608549,-0.98606497,0.130158022,0.994487107,0.100579917,-0.0296486765,0.0161442347,0.132512331,0.991049886],"shapeName":"/art/shapes/objects/s_metal_fence.dae","useInstanceRenderData":true}
{"class":"TSStatic","persistentId":"3050276d-025e-4a12-8561-e5cc73287e9c","__parent":"SimGroup_","position":[-238.864716,-89.1533127,14.5890617],"isRenderEnabled":false,"rotationMatrix":[0.544556856,-0.838723838,0,0.838723838,0.544556856,0,0,0,1],"shapeName":"/levels/ms_s2/art/shapes/buildings/italy_construction_site_net.DAE","useInstanceRenderData":true}
{"class":"TSStatic","persistentId":"3199f182-9fd9-49fc-9458-7587af211108","__parent":"SimGroup_","position":[-407.61554,-269.545471,35.1532745],"isRenderEnabled":false,"rotationMatrix":[-0.74186635,-0.670468807,0.0102818804,0.670547247,-0.741796017,0.0102437176,0.0007589655,0.0144939572,0.999894679],"shapeName":"/art/shapes/objects/s_metal_fence.dae","useInstanceRenderData":true}
{"class":"TSStatic","persistentId":"327c0d80-7a24-423b-9b86-e5b81d7942cf","__parent":"SimGroup_","position":[-139.424072,-217.161026,17.0307465],"isRenderEnabled":false,"rotationMatrix":[0.12097156,0.992655933,0,-0.992655933,0.12097156,0,0,0,1],"shapeName":"/levels/ms_s2/art/shapes/buildings/italy_construction_site_net.DAE","useInstanceRenderData":true}
{"class":"TSStatic","persistentId":"32b3cb0b-503f-455b-8619-6b4d93c837b7","__parent":"SimGroup_","position":[-30.0262489,191.757401,14.88274],"isRenderEnabled":false,"rotationMatrix":[0.195908427,-0.980621994,0,0.980621994,0.195908427,0,0,0,1],"shapeName":"/levels/ms_s2/art/shapes/buildings/italy_construction_site_net.DAE","useInstanceRenderData":true}
{"class":"TSStatic","persistentId":"346d92ee-af42-4673-9a47-83e4be1f6d5c","__parent":"SimGroup_","position":[-356.118652,-330.802673,33.1389694],"isRenderEnabled":false,"rotationMatrix":[-0.891817689,-0.449744314,0.0489002876,0.447635204,-0.89290297,-0.0484460294,0.0654515401,-0.0213155374,0.997628033],"shapeName":"/art/shapes/objects/s_metal_fence.dae","useInstanceRenderData":true}
{"class":"TSStatic","persistentId":"352757bf-b358-4aa9-a54e-e4f3ec574d27","__parent":"SimGroup_","position":[-258.963776,-403.044037,24.4811268],"isRenderEnabled":false,"shapeName":"/levels/ms_s2/art/shapes/buildings/italy_construction_site_net_rolled.DAE","useInstanceRenderData":true}
{"class":"TSStatic","persistentId":"3822f10e-6014-4d6a-8be4-d2efab4f735c","__parent":"SimGroup_","position":[-97.4125366,-74.1468048,34.7784996],"isRenderEnabled":false,"rotationMatrix":[0.846832216,-0.531860054,0,0.531860054,0.846832216,0,0,0,1],"shapeName":"/levels/ms_s2/art/shapes/objects_hr/pole_metal1.dae","useInstanceRenderData":true}
{"class":"TSStatic","persistentId":"39bbf4df-195f-4528-88c1-b96d6a6d124c","__parent":"SimGroup_","position":[-97.3809967,-74.5844727,34.3945084],"isRenderEnabled":false,"rotationMatrix":[0.866961837,0.278918743,0.413015127,0.383779943,0.15506357,-0.910312116,-0.317946672,0.947712839,0.0273907781],"shapeName":"/art/shapes/garage_and_dealership/Clutter/clutter_workshop_fire_extinguisher.dae","useInstanceRenderData":true}
{"class":"TSStatic","persistentId":"3b2e152f-e8c3-482e-9349-2e06be360b8c","__parent":"SimGroup_","position":[-324.604156,-177.545792,21.8197632],"isRenderEnabled":false,"rotationMatrix":[-0.767638803,-0.640372634,0.0255609434,0.639077425,-0.767858982,-0.0444125086,0.048067756,-0.0177573431,0.998686194],"shapeName":"/levels/ms_s2/art/shapes/race/sign_checkpoint.dae","useInstanceRenderData":true}
{"class":"TSStatic","persistentId":"3b75fe37-ffc8-4cde-b31f-aee0ca8dc8af","__parent":"SimGroup_","position":[-110.123993,-65.6076279,34.3444824],"isRenderEnabled":false,"rotationMatrix":[-0.941063046,0.338231683,0,-0.338231683,-0.941063046,0,0,0,1],"shapeName":"/levels/ms_s2/art/shapes/race/race_rally_finish_checkpoint_red.dae","useInstanceRenderData":true}
{"class":"TSStatic","persistentId":"3e9ad995-7fc7-4406-8c83-c772fbf9ec62","__parent":"SimGroup_","position":[498.213593,496.70816,69.3581161],"isRenderEnabled":false,"shapeName":"/art/shapes/garage_and_dealership/Clutter/clutter_workshop_green_can.dae","useInstanceRenderData":true}
{"class":"TSStatic","persistentId":"3fd3d7d5-f911-4737-bdae-3a10dbe46a2b","__parent":"SimGroup_","position":[164.430832,91.5649033,18.9432278],"isRenderEnabled":false,"rotationMatrix":[0.54527092,0.835024416,0.0735780448,-0.831899464,0.549837232,-0.0749806315,-0.103066608,-0.0203247927,0.994466782],"shapeName":"/levels/ms_s2/art/shapes/race/sign_checkpoint.dae","useInstanceRenderData":true}
{"class":"TSStatic","persistentId":"413981d7-e0fc-4c94-8896-f8ef9e5e264f","__parent":"SimGroup_","position":[-244.185959,-75.4284592,14.5890617],"isRenderEnabled":false,"rotationMatrix":[0.587435722,-0.809270859,0,0.809270859,0.587435722,0,0,0,1],"shapeName":"/levels/ms_s2/art/shapes/buildings/italy_construction_site_net.DAE","useInstanceRenderData":true}
{"class":"TSStatic","persistentId":"41981b9a-e52d-495d-8090-45d18937b03c","__parent":"SimGroup_","position":[-150.210602,-221.609726,17.0307465],"isRenderEnabled":false,"rotationMatrix":[0.998516977,0.0544413477,0,-0.0544413477,0.998516977,0,0,0,1],"shapeName":"/levels/ms_s2/art/shapes/buildings/italy_construction_site_net.DAE","useInstanceRenderData":true}
{"class":"TSStatic","persistentId":"4567e4e8-3de7-4cc1-8ff9-09674b903d79","__parent":"SimGroup_","position":[-145.381546,-207.297333,17.0307465],"isRenderEnabled":false,"rotationMatrix":[-0.797331929,0.603540599,0,-0.603540599,-0.797331929,0,0,0,1],"shapeName":"/levels/ms_s2/art/shapes/buildings/italy_construction_site_net.DAE","useInstanceRenderData":true}
{"class":"TSStatic","persistentId":"45b0a364-b126-4290-93b6-6b4ebea7254c","__parent":"SimGroup_","position":[48.5352554,-409.42395,17.5854454],"isRenderEnabled":false,"rotationMatrix":[0.122717261,0.992441535,0,-0.992441535,0.122717261,0,0,0,1],"shapeName":"/levels/ms_s2/art/shapes/buildings/italy_construction_site_net_folded.DAE","useInstanceRenderData":true}
{"class":"TSStatic","persistentId":"46065bc1-7d64-48c1-b475-88ecc9e22300","__parent":"SimGroup_","position":[-182.040192,278.314148,16.8441124],"isRenderEnabled":false,"rotationMatrix":[-0.997598648,-0.069257468,0,0.069257468,-0.997598648,0,0,0,1],"shapeName":"/levels/ms_s2/art/shapes/buildings/italy_construction_site_net_rolled.DAE","useInstanceRenderData":true}
{"class":"TSStatic","persistentId":"47069a7f-fb06-4ad1-936c-e9a781c970cc","__parent":"SimGroup_","position":[-117.296242,-20.2230148,31.6410694],"isRenderEnabled":false,"rotationMatrix":[-0.798940182,0.600859702,-0.0257241763,-0.601073682,-0.799193025,0.00073964987,-0.0201141611,0.0160530619,0.999668777],"shapeName":"/levels/ms_s2/art/shapes/race/race_rally_finish_checkpoint_yellow.dae","useInstanceRenderData":true}
{"class":"TSStatic","persistentId":"4c639761-97e9-4257-bb8f-4707c9cfb4b0","__parent":"SimGroup_","position":[-147.721695,-221.47403,17.0307465],"isRenderEnabled":false,"rotationMatrix":[0.99485153,0.101342879,0,-0.101342879,0.99485153,0,0,0,1],"shapeName":"/levels/ms_s2/art/shapes/buildings/italy_construction_site_net.DAE","useInstanceRenderData":true}
{"class":"TSStatic","persistentId":"4cedb892-72a3-474a-81c6-251ad4e48c0e","__parent":"SimGroup_","position":[-139.93718,-212.346359,17.0307465],"isRenderEnabled":false,"rotationMatrix":[-0.641495824,0.767126739,0,-0.767126739,-0.641495824,0,0,0,1],"shapeName":"/levels/ms_s2/art/shapes/buildings/italy_construction_site_net.DAE","useInstanceRenderData":true}
{"class":"TSStatic","persistentId":"4da4de72-15ad-4571-bc4b-e3e56f55525a","__parent":"SimGroup_","position":[-355.251862,-333.327118,33.1037521],"isRenderEnabled":false,"rotationMatrix":[-0.971969962,-0.213258058,0.0989724547,0.217045426,-0.975727916,0.0290971883,0.0903649628,0.0497631095,0.994664669],"shapeName":"/art/shapes/objects/s_metal_fence.dae","useInstanceRenderData":true}
{"class":"TSStatic","persistentId":"4dccb0e5-1904-4516-b662-aa3c7316c838","__parent":"SimGroup_","position":[47.1559906,-411.499207,17.5854321],"isRenderEnabled":false,"rotationMatrix":[0.552455664,0.833542407,0,-0.833542407,0.552455664,0,0,0,1],"shapeName":"/levels/ms_s2/art/shapes/buildings/italy_construction_site_net.DAE","useInstanceRenderData":true}
{"class":"TSStatic","persistentId":"4dfc21d9-e5b1-419b-9d1c-5dc47f784d7d","__parent":"SimGroup_","position":[-103.195045,-68.9253311,34.4139786],"isRenderEnabled":false,"rotationMatrix":[0.976505935,-0.21549052,0,0.21549052,0.976505935,0,0,0,1],"shapeName":"/art/shapes/objects/s_metal_fence.dae","useInstanceRenderData":true}
{"class":"TSStatic","persistentId":"4fc1c5dd-506f-4d8b-91ef-64c2303c6a69","__parent":"SimGroup_","position":[-105.1996,-74.5371857,34.4139786],"isRenderEnabled":false,"rotationMatrix":[0.918172598,-0.39618057,0,0.39618057,0.918172598,0,0,0,1],"shapeName":"/art/shapes/objects/s_metal_fence.dae","useInstanceRenderData":true}
{"class":"TSStatic","persistentId":"527fe19a-e369-4a46-a3f7-1f9ff23beb9f","__parent":"SimGroup_","position":[-111.621284,-23.6126041,31.6150436],"isRenderEnabled":false,"rotationMatrix":[-0.897585154,0.440823525,0.00395081611,-0.440826982,-0.897592187,1.74622983e-10,0.00354622141,-0.00174162607,0.999992192],"shapeName":"/levels/ms_s2/art/shapes/race/race_rally_finish_checkpoint_yellow.dae","useInstanceRenderData":true}
{"class":"TSStatic","persistentId":"5551f014-db6c-4e8e-9c75-cb50851a2e6c","__parent":"SimGroup_","position":[-363.666931,218.823685,20.57934],"isRenderEnabled":false,"rotationMatrix":[0.754000068,0.643695533,-0.130919859,-0.652224004,0.757315636,-0.0328157544,0.078024298,0.110132158,0.990849674],"shapeName":"/levels/ms_s2/art/shapes/race/sign_checkpoint.dae","useInstanceRenderData":true}
{"class":"TSStatic","persistentId":"564906ce-5f2e-4192-a94b-a919054bb863","__parent":"SimGroup_","position":[118.010872,99.7569656,16.7368622],"isRenderEnabled":false,"rotationMatrix":[0.504047513,0.863675952,0,-0.863675952,0.504047513,0,0,0,1],"shapeName":"/levels/ms_s2/art/shapes/buildings/italy_construction_site_net.DAE","useInstanceRenderData":true}
{"class":"TSStatic","persistentId":"5957f736-f9fa-4fb3-a8ca-4411d6d860ae","__parent":"SimGroup_","position":[-97.5549622,-76.3313751,35.0725098],"isRenderEnabled":false,"rotationMatrix":[0.501883686,0.86493504,0,-0.86493504,0.501883686,0,0,0,1],"shapeName":"/art/shapes/garage_and_dealership/garage/s_laptop.dae","useInstanceRenderData":true}
{"class":"TSStatic","persistentId":"5986a822-7c6a-47ff-8a24-3e06d8f3168e","__parent":"SimGroup_","position":[-410.266663,303.964386,19.3550167],"isRenderEnabled":false,"rotationMatrix":[0.249058366,0.968488395,0,-0.968488395,0.249058366,0,0,0,1],"shapeName":"/levels/ms_s2/art/shapes/buildings/italy_construction_site_net.DAE","useInstanceRenderData":true}
{"class":"TSStatic","persistentId":"5a199420-447b-410e-a0c9-13e9afc98946","__parent":"SimGroup_","position":[-409.647644,306.371521,19.3550167],"isRenderEnabled":false,"rotationMatrix":[0.321075559,0.947053552,0,-0.947053552,0.321075559,0,0,0,1],"shapeName":"/levels/ms_s2/art/shapes/buildings/italy_construction_site_net.DAE","useInstanceRenderData":true}
{"class":"TSStatic","persistentId":"5b7f812e-8239-4e5a-83bc-130b1bfe90fd","__parent":"SimGroup_","position":[-180.915466,280.798309,16.8346272],"isRenderEnabled":false,"rotationMatrix":[0.437238693,0.899345517,0,-0.899345517,0.437238693,0,0,0,1],"scale":[1.07372546,1,1],"shapeName":"/levels/ms_s2/art/shapes/buildings/italy_construction_site_net.DAE","useInstanceRenderData":true}
{"class":"TSStatic","persistentId":"5e6abec8-a7b0-4d07-979f-062f7454035f","__parent":"SimGroup_","position":[-181.962082,278.342987,16.8346272],"isRenderEnabled":false,"rotationMatrix":[0.392124653,0.919912159,0,-0.919912159,0.392124653,0,0,0,1],"scale":[1.07372546,1,1],"shapeName":"/levels/ms_s2/art/shapes/buildings/italy_construction_site_net.DAE","useInstanceRenderData":true}
{"class":"TSStatic","persistentId":"608ded0b-09c1-4117-bfae-6f6b882fee52","__parent":"SimGroup_","position":[-257.333435,-404.875244,24.2858696],"isRenderEnabled":false,"rotationMatrix":[0.656199157,-0.750699699,-0.076501824,0.753071964,0.65792954,0.00336795673,0.0478044823,-0.0598214306,0.997063756],"shapeName":"/levels/ms_s2/art/shapes/buildings/italy_construction_site_net.DAE","useInstanceRenderData":true}
{"class":"TSStatic","persistentId":"60bfb5dd-69e1-4965-bb10-c7aade0d61c6","__parent":"SimGroup_","position":[498.211426,498.246948,70.1670609],"isRenderEnabled":false,"rotationMatrix":[0.501883686,0.86493504,0,-0.86493504,0.501883686,0,0,0,1],"shapeName":"/art/shapes/garage_and_dealership/garage/s_laptop.dae","useInstanceRenderData":true}
{"class":"TSStatic","persistentId":"60fb4392-ceed-4574-bb16-35876fc6f353","__parent":"SimGroup_","position":[498.872681,497.843506,69.3556366],"isRenderEnabled":false,"rotationMatrix":[-0.653099656,-0.757272184,0,0.757272184,-0.653099656,0,0,0,1],"scale":[1.08046865,1.08046865,1.08046865],"shapeName":"/levels/ms_s2/art/shapes/buildings/italy_clutter_plastic_chair_a.DAE","useInstanceRenderData":true}
{"class":"TSStatic","persistentId":"61156c6f-a5ba-4676-bbb9-8f75db931f51","__parent":"SimGroup_","position":[345.96405,-161.176208,53.2493401],"isRenderEnabled":false,"rotationMatrix":[0.530062079,-0.84769243,-0.0212494992,0.847957194,0.529846489,0.015205767,-0.00163084455,-0.0260786675,0.999658585],"shapeName":"/levels/ms_s2/art/shapes/race/sign_checkpoint.dae","useInstanceRenderData":true}
{"class":"TSStatic","persistentId":"61ef3287-3c3c-47ee-919c-a49047144dad","__parent":"SimGroup_","position":[-453.566223,-168.076523,38.3394318],"isRenderEnabled":false,"rotationMatrix":[-0.687596798,-0.71908462,0.100635648,0.71961081,-0.693359494,-0.037582241,0.0968015194,0.0465770662,0.994213283],"shapeName":"/art/shapes/objects/s_metal_fence.dae","useInstanceRenderData":true}
{"class":"TSStatic","persistentId":"63842251-eaa5-4683-abd2-83a74a7a5755","__parent":"SimGroup_","position":[-240.637802,-81.940918,14.5890617],"isRenderEnabled":false,"rotationMatrix":[0.151311576,-0.988485992,0,0.988485992,0.151311576,0,0,0,1],"shapeName":"/levels/ms_s2/art/shapes/buildings/italy_construction_site_net.DAE","useInstanceRenderData":true}
{"class":"TSStatic","persistentId":"644d92dd-c2df-4891-b680-dce22da4319f","__parent":"SimGroup_","position":[-96.8937073,-76.7348175,34.2610855],"isRenderEnabled":false,"rotationMatrix":[-0.653099656,-0.757272184,0,0.757272184,-0.653099656,0,0,0,1],"scale":[1.08046865,1.08046865,1.08046865],"shapeName":"/levels/ms_s2/art/shapes/buildings/italy_clutter_plastic_chair_a.DAE","useInstanceRenderData":true}
{"class":"TSStatic","persistentId":"64b606d1-4723-4f3c-805d-78e697be870e","__parent":"SimGroup_","position":[-365.717651,-186.973007,27.3751717],"isRenderEnabled":false,"rotationMatrix":[0.714208424,-0.69762516,-0.0567933172,0.698929667,0.715176105,0.0045192875,0.0374644548,-0.0429222509,0.998375714],"shapeName":"/art/shapes/objects/s_metal_fence.dae","useInstanceRenderData":true}
{"class":"TSStatic","persistentId":"65a9b9c6-5f4f-4937-8c34-d1466dd000c3","__parent":"SimGroup_","position":[496.428528,497.198669,69.3820114],"collisionType":"None","decalType":"None","isRenderEnabled":false,"rotationMatrix":[0.844858944,-0.534131825,-0.0302740037,0.534905851,0.844372094,0.0301907547,0.00943667814,-0.0417006724,0.999085605],"scale":[0.522900343,0.522900343,0.522900343],"shapeName":"/art/shapes/objects/s_standinglight_01.dae","useInstanceRenderData":true}
{"class":"TSStatic","persistentId":"6825173d-331a-49a6-808b-850d6d451207","__parent":"SimGroup_","position":[499.909363,502.105103,69.8114243],"isRenderEnabled":false,"rotationMatrix":[0.846832216,-0.531860054,0,0.531860054,0.846832216,0,0,0,1],"shapeName":"/levels/ms_s2/art/shapes/objects_hr/pole_metal1.dae","useInstanceRenderData":true}
{"class":"TSStatic","persistentId":"689faacc-285f-4d32-bdbd-c99509344ba6","__parent":"SimGroup_","position":[-139.12355,-214.695007,17.0307465],"isRenderEnabled":false,"rotationMatrix":[-0.327338219,0.944907069,0,-0.944907069,-0.327338219,0,0,0,1],"shapeName":"/levels/ms_s2/art/shapes/buildings/italy_construction_site_net.DAE","useInstanceRenderData":true}
{"class":"TSStatic","persistentId":"68bcedca-4a32-4b80-bc5b-89b8b8cd10fe","__parent":"SimGroup_","position":[496.970001,497.621521,69.3402634],"isRenderEnabled":false,"rotationMatrix":[-0.905133605,0.413386762,0.0992214233,-0.416441619,-0.909091473,-0.0113778748,0.085497871,-0.0516184233,0.995000303],"shapeName":"/levels/ms_s2/art/shapes/race/race_rally_finish_checkpoint_red.dae","useInstanceRenderData":true}
{"class":"TSStatic","persistentId":"6a75c2c5-537f-4ff8-bafa-f13e5d7cc4f2","__parent":"SimGroup_","position":[-356.506836,-145.768875,24.4794922],"isRenderEnabled":false,"rotationMatrix":[0.543419719,-0.838694811,-0.0358599462,0.839060426,0.543984234,-0.00766394194,0.0259349532,-0.0259239264,0.999327421],"shapeName":"/art/shapes/objects/s_metal_fence.dae","useInstanceRenderData":true}
{"class":"TSStatic","persistentId":"6b0d49f6-5a64-42f0-952e-f0eadf07dec4","__parent":"SimGroup_","position":[-240.262344,-84.3936844,14.5890617],"isRenderEnabled":false,"rotationMatrix":[0.200284243,-0.979737878,0,0.979737878,0.200284243,0,0,0,1],"shapeName":"/levels/ms_s2/art/shapes/buildings/italy_construction_site_net.DAE","useInstanceRenderData":true}
{"class":"TSStatic","persistentId":"6b6e1f96-fb38-415e-b607-1631eee89b3a","__parent":"SimGroup_","position":[161.398758,86.0598221,18.9891167],"isRenderEnabled":false,"rotationMatrix":[0.407801092,0.910516858,-0.0682435632,-0.912374616,0.409268379,0.00847473927,0.0356463194,0.0588076934,0.997632682],"shapeName":"/levels/ms_s2/art/shapes/race/sign_checkpoint.dae","useInstanceRenderData":true}
{"class":"TSStatic","persistentId":"6c78b129-ac06-4840-bb52-94a50dbb2732","__parent":"SimGroup_","position":[-451.703857,-172.875916,38.062252],"isRenderEnabled":false,"rotationMatrix":[-0.939116597,0.308252215,0.151791051,-0.307267249,-0.951134324,0.0304992497,0.153775141,-0.0179980658,0.987941921],"shapeName":"/art/shapes/objects/s_metal_fence.dae","useInstanceRenderData":true}
{"class":"TSStatic","persistentId":"6cc3ced0-975a-44cc-85a1-f80e7432bb88","__parent":"SimGroup_","position":[-92.9816742,-77.8895569,34.406395],"isRenderEnabled":false,"rotationMatrix":[0.918291211,0.395905554,1.04308128e-07,-1.04308128e-07,5.96046448e-07,-0.999999881,-0.395905554,0.918291092,5.96046448e-07],"shapeName":"/art/shapes/garage_and_dealership/Clutter/clutter_workshop_green_can.dae","useInstanceRenderData":true}
