{"name":"SimGroup_","class":"SimGroup","persistentId":"fc36ce59-cdef-4fb9-a3c3-fd2bdbc5ab79","groupPosition":"-439.95238552856 228.4010982666 276.01044641113"}
{"class":"TSStatic","persistentId":"00d366f0-f25f-413a-a640-0b6e2da42626","__parent":"SimGroup_","position":[105.042725,-255.72641,193.101807],"isRenderEnabled":false,"rotationMatrix":[0.0353319645,0.993637264,-0.106940694,-0.999116421,0.0375562608,0.0188565366,0.0227528587,0.106180012,0.994086444],"shapeName":"/art/aipacenotes/bng_copies/s_metal_fence.dae","useInstanceRenderData":true}
{"class":"TSStatic","persistentId":"0837648d-77f5-4363-bfbc-e24772ffa018","__parent":"SimGroup_","position":[-1035.46912,593.563965,338.289398],"isRenderEnabled":false,"rotationMatrix":[-0.180756122,-0.982369184,0.0477274619,0.983409822,-0.181273475,-0.00670762081,0.0152410837,0.0457232147,0.998837829],"shapeName":"/art/aipacenotes/bng_copies/ut_race_mesh_barricade_.DAE","useInstanceRenderData":true}
{"class":"TSStatic","persistentId":"0eeeec57-897c-495e-9d28-5d2980a5ece1","__parent":"SimGroup_","position":[-1039.6156,877.418091,396.077515],"isRenderEnabled":false,"rotationMatrix":[0.9396891,0.342029542,6.89997887e-06,-0.342029572,0.939688981,1.8957533e-05,2.01874323e-10,-2.01145795e-05,0.999999762],"shapeName":"/art/aipacenotes/bng_copies/flagMarker.dae","useInstanceRenderData":true}
{"class":"TSStatic","persistentId":"1000a509-fd0a-4771-9b4a-cdd8a4166c0b","__parent":"SimGroup_","position":[208.040833,-329.455353,192.025757],"isRenderEnabled":false,"rotationMatrix":[0.984807789,0.173648208,1.74367074e-06,-0.173648238,0.984807551,9.88884494e-06,0,-1.02202102e-05,0.999999821],"shapeName":"/art/aipacenotes/bng_copies/constructionbarrier_arrows.dae","useInstanceRenderData":true}
{"class":"TSStatic","persistentId":"11205a04-629c-4392-8f66-8c2a82ee54b1","__parent":"SimGroup_","position":[164.562988,138.214355,189.006653],"isRenderEnabled":false,"rotationMatrix":[-0.890093803,0.455293238,0.0209980179,-0.45571363,-0.888254702,-0.0576915927,-0.00761500932,-0.0609200746,0.998113453],"shapeName":"/art/aipacenotes/bng_copies/s_metal_fence.dae","useInstanceRenderData":true}
{"class":"TSStatic","persistentId":"11bc6e79-c94b-46cb-835a-ac1436eab278","__parent":"SimGroup_","position":[-887.320679,668.617371,322.903168],"isRenderEnabled":false,"rotationMatrix":[0.59279561,-0.804861426,0.0281294677,0.804059625,0.589503884,-0.0772850811,0.0456213467,0.0684320331,0.996611953],"shapeName":"/art/aipacenotes/bng_copies/ut_race_mesh_barricade_.DAE","useInstanceRenderData":true}
{"class":"TSStatic","persistentId":"121f0a7d-772a-405c-966a-070d56419cca","__parent":"SimGroup_","position":[-867.010925,-23.8268433,280.862457],"isRenderEnabled":false,"rotationMatrix":[-0.0893465728,-0.0739315227,0.993252754,-0.559243083,-0.821477652,-0.111451522,0.824174821,-0.565427721,0.0320505239],"scale":[3,1,1.10000002],"shapeName":"/art/aipacenotes/bng_copies/s_office_bench.dae","useInstanceRenderData":true}
{"class":"TSStatic","persistentId":"145cd22a-86e9-4f0f-8b26-a688505d20c8","__parent":"SimGroup_","position":[-1044.59827,842.709229,390.27832],"isRenderEnabled":false,"rotationMatrix":[-0.866025388,0.499999911,5.02069815e-06,-0.5,-0.86602515,-8.69610358e-06,0,-1.02202102e-05,0.999999821],"scale":[0.0799999982,0.0799999982,1],"shapeName":"/art/aipacenotes/bng_copies/ut_race_mesh_barricade_curve.DAE","useInstanceRenderData":true}
{"class":"TSStatic","persistentId":"16477d74-1f8f-4c02-bf0c-60f901af9b5d","__parent":"SimGroup_","position":[-1132.37634,141.889206,288.693512],"isRenderEnabled":false,"rotationMatrix":[0.981274307,0.0889753103,-0.170832559,-0.0850591809,0.9959203,0.0301224012,0.1728158,-0.0150274085,0.98483932],"shapeName":"/art/aipacenotes/bng_copies/s_metal_fence.dae","useInstanceRenderData":true}
{"class":"TSStatic","persistentId":"1a5bbec3-65d8-44c1-99d8-1c1eaf6e2505","__parent":"SimGroup_","position":[-1041.99341,847.101929,390.04306],"isRenderEnabled":false,"rotationMatrix":[0.424263865,-0.904382288,-0.0457424335,0.9009372,0.426654994,-0.0792282745,0.0911688954,-0.00759733329,0.995806277],"shapeName":"/art/aipacenotes/bng_copies/ut_race_mesh_barricade_curve_b.DAE","useInstanceRenderData":true}
{"class":"TSStatic","persistentId":"1abf857f-fabb-4aef-adcf-07cadf060a17","__parent":"SimGroup_","position":[213.570618,295.103851,185.495422],"isRenderEnabled":false,"rotationMatrix":[-0.00363373756,-0.999521852,0.0306971148,0.998571396,-0.00526326895,-0.0531689562,0.0533050634,0.0304600969,0.998113394],"shapeName":"/art/aipacenotes/bng_copies/s_concrete_arrow_barrier.dae","useInstanceRenderData":true}
{"class":"TSStatic","persistentId":"1b9d8a14-3177-4bef-bb66-9ef10d5b95d1","__parent":"SimGroup_","position":[-880.210815,675.340942,322.13736],"isRenderEnabled":false,"rotationMatrix":[0.776804686,-0.629594445,0.013598104,0.628591895,0.773902059,-0.0771186799,0.0380298533,0.0684537888,0.99692899],"shapeName":"/art/aipacenotes/bng_copies/ut_race_mesh_barricade_.DAE","useInstanceRenderData":true}
{"class":"TSStatic","persistentId":"1eba5668-c73a-4839-8744-2bb6609783ac","__parent":"SimGroup_","position":[36.5266724,-331.067413,191.740891],"isRenderEnabled":false,"rotationMatrix":[0.48552236,0.863150656,0.138703287,-0.871575356,0.490261257,1.21258266e-08,-0.0680008382,-0.120890431,0.990333855],"shapeName":"/art/aipacenotes/bng_copies/s_metal_fence.dae","useInstanceRenderData":true}
{"class":"TSStatic","persistentId":"212cc41a-985f-4810-9200-20475b87cb3f","__parent":"SimGroup_","position":[-986.626953,955.5,400.683777],"isRenderEnabled":false,"rotationMatrix":[0.0110651692,0.998568356,0.0523327515,-0.999938726,0.0110500054,0.000579106214,0,-0.0523359589,0.998629451],"scale":[2.4000001,1,1],"shapeName":"/art/aipacenotes/bng_copies/s_flag_tinsel_hang_01.dae","useInstanceRenderData":true}
{"class":"TSStatic","persistentId":"22573c0f-01d2-4065-9943-839785f3cd80","__parent":"SimGroup_","position":[60.0635376,188.378342,201.398163],"isRenderEnabled":false,"rotationMatrix":[0.70710665,0.707106709,0,-0.704487145,0.704487085,-0.0859970599,-0.0608090982,0.060809128,0.996295273],"shapeName":"/art/aipacenotes/bng_copies/ut_race_mesh_barricade_.DAE","useInstanceRenderData":true}
{"class":"TSStatic","persistentId":"2562eb23-8fb0-408d-9b61-f8aa071c9ab8","__parent":"SimGroup_","position":[133.27002,-375.275909,194.027802],"isRenderEnabled":false,"rotationMatrix":[8.74227766e-08,-0.999999762,-1.00413963e-05,1,8.74227624e-08,8.77846732e-13,0,-1.02202102e-05,0.999999821],"shapeName":"/art/aipacenotes/bng_copies/s_concrete_arrow_barrier.dae","useInstanceRenderData":true}
{"class":"TSStatic","persistentId":"2683766f-2e3d-4d37-8bb6-94888174e2c8","__parent":"SimGroup_","position":[83.4332275,-257.052795,193.246857],"isRenderEnabled":false,"rotationMatrix":[-2.01107541e-05,0.999970794,-0.00761916861,-0.999999821,-2.01113326e-05,6.66088906e-10,-1.52567637e-07,0.00761916908,0.999970853],"shapeName":"/art/aipacenotes/bng_copies/s_metal_fence.dae","useInstanceRenderData":true}
{"class":"TSStatic","persistentId":"26d8507e-543c-4118-8ee2-c38d9d646b1a","__parent":"SimGroup_","position":[29.1782837,-342.07608,191.728806],"isRenderEnabled":false,"rotationMatrix":[-0.642772317,-0.766034961,0.00583662186,0.766057193,-0.642753661,0.0048975083,-1.52567637e-07,0.00761916908,0.999970853],"shapeName":"/art/aipacenotes/bng_copies/s_metal_fence.dae","useInstanceRenderData":true}
{"class":"TSStatic","persistentId":"31353db5-e719-4a16-be22-eddb6c904ef6","__parent":"SimGroup_","position":[-1039.60229,877.424683,395.074463],"isRenderEnabled":false,"rotationMatrix":[-1,-1.74845525e-07,-1.75569346e-12,1.74845553e-07,-0.999999762,-1.00413963e-05,0,-1.02202102e-05,0.999999821],"shapeName":"/art/aipacenotes/bng_copies/constructionbarrier_arrows.dae","useInstanceRenderData":true}
{"class":"TSStatic","persistentId":"319d6b47-bd56-473b-b831-d271251d8ad0","__parent":"SimGroup_","position":[-993.065002,409.862061,289.184692],"isRenderEnabled":false,"rotationMatrix":[-0.933455288,0.358363032,0.0153892748,-0.355783463,-0.930484056,0.0872768536,0.0455962792,0.0759937763,0.99606508],"shapeName":"/art/aipacenotes/bng_copies/ut_race_mesh_barricade_.DAE","useInstanceRenderData":true}
{"class":"TSStatic","persistentId":"32cf2ff3-9248-49f9-a7bc-0a3606b32d20","__parent":"SimGroup_","position":[-1039.61633,879.282349,396.144012],"isRenderEnabled":false,"rotationMatrix":[0.499991387,0.866030097,1.7471355e-05,-0.866030216,0.499991328,1.00870957e-05,2.01874323e-10,-2.01145795e-05,0.999999762],"shapeName":"/art/aipacenotes/bng_copies/flagMarker.dae","useInstanceRenderData":true}
{"class":"TSStatic","persistentId":"341a4339-3aba-46ec-ab9d-22721ee8185e","__parent":"SimGroup_","position":[208.180237,-331.273529,192.025757],"isRenderEnabled":false,"rotationMatrix":[1,8.74227624e-08,8.77846732e-13,-8.74227766e-08,0.999999762,1.00413963e-05,0,-1.02202102e-05,0.999999821],"shapeName":"/art/aipacenotes/bng_copies/constructionbarrier_arrows.dae","useInstanceRenderData":true}
{"class":"TSStatic","persistentId":"3626661e-1b35-474b-bd83-722d9ca68459","__parent":"SimGroup_","position":[119.884521,-256.017517,193.214096],"isRenderEnabled":false,"rotationMatrix":[-0.113133579,0.981425703,-0.154932618,-0.992550731,-0.118728667,-0.0273188204,-0.0452063419,0.150687814,0.9875471],"shapeName":"/art/aipacenotes/bng_copies/constructionbarrier_arrows.dae","useInstanceRenderData":true}
{"class":"TSStatic","persistentId":"3762bc30-b90c-441c-aea7-15a7c0b3698f","__parent":"SimGroup_","position":[-718.037292,758.534302,307.934418],"isRenderEnabled":false,"rotationMatrix":[-0.738906443,-0.663929582,0.114953518,0.664165735,-0.746413529,-0.0418396331,0.113581389,0.0454326533,0.992489159],"shapeName":"/art/aipacenotes/bng_copies/clutter_workshop_fire_extinguisher.dae","useInstanceRenderData":true}
{"class":"TSStatic","persistentId":"37a0b00d-8497-4e6a-ac21-a8ebe8abf509","__parent":"SimGroup_","position":[-1045.08264,596.016479,338.289398],"isRenderEnabled":false,"rotationMatrix":[-0.315860301,-0.947580636,0.0481965058,0.948683143,-0.316227794,4.21347268e-09,0.0152410818,0.0457232147,0.998837709],"shapeName":"/art/aipacenotes/bng_copies/ut_race_mesh_barricade_.DAE","useInstanceRenderData":true}
{"class":"TSStatic","persistentId":"38ddb765-b507-411a-937c-12014f4088c0","__parent":"SimGroup_","position":[-870.850342,-21.6555176,281.048767],"isRenderEnabled":false,"rotationMatrix":[0.961812675,0.266699344,0.0615402013,-0.268469304,0.963027596,0.022398835,-0.0532911718,-0.0380651206,0.997853041],"shapeName":"/art/aipacenotes/bng_copies/ut_race_mesh_barricade_curve_b.DAE","useInstanceRenderData":true}
{"class":"TSStatic","persistentId":"3b34ab42-d261-48a5-a3cc-4c74a77e0296","__parent":"SimGroup_","position":[-1038.66638,911.659546,395.027832],"isRenderEnabled":false,"rotationMatrix":[0.996106625,-0.0877664983,-0.00827042665,0.087824434,0.996111751,0.00693971338,0.00762915704,-0.00763899181,0.999941528],"shapeName":"/art/aipacenotes/bng_copies/ut_race_mesh_barricade_.DAE","useInstanceRenderData":true}
{"class":"TSStatic","persistentId":"3c376a04-1100-48bf-bc18-61cb95f19aff","__parent":"SimGroup_","position":[201.032593,308.208405,185.366302],"isRenderEnabled":false,"rotationMatrix":[0.0702693313,0.997047246,-0.0309636872,-0.997498751,0.0704707205,0.00545972772,0.00762564456,0.0305025782,0.99950546],"shapeName":"/art/aipacenotes/bng_copies/ut_race_mesh_barricade_.DAE","useInstanceRenderData":true}
{"class":"TSStatic","persistentId":"3c6b664a-778d-4746-b78b-52b384e1fefe","__parent":"SimGroup_","position":[-1045.95691,915.775146,395.366089],"isRenderEnabled":false,"rotationMatrix":[0.999999881,2.00239119e-05,0,-2.00233317e-05,0.999970853,-0.00761916908,-1.52567637e-07,0.00761916908,0.999970853],"shapeName":"/art/aipacenotes/bng_copies/clutter_workshop_fire_extinguisher.dae","useInstanceRenderData":true}
{"class":"TSStatic","persistentId":"3dbc6727-9473-4824-8cc5-714bd93288b1","__parent":"SimGroup_","position":[-1069.79724,851.121582,388.354034],"isRenderEnabled":false,"rotationMatrix":[-0.0146774352,-0.999696672,0.0197740272,0.999315143,-0.0139943361,0.034249559,-0.0339625254,0.0202631764,0.99921751],"shapeName":"/art/aipacenotes/bng_copies/s_office_bench.dae","useInstanceRenderData":true}
{"class":"TSStatic","persistentId":"40486d1a-a135-4074-9b80-adbf60ca7a50","__parent":"SimGroup_","position":[-1033.08105,962.963013,397.55954],"isRenderEnabled":false,"rotationMatrix":[3.64725975e-06,0.992626727,0.1212098,-0.999999821,3.67305756e-06,1.05964979e-08,-4.34692424e-07,-0.121209927,0.992626786],"shapeName":"/art/aipacenotes/bng_copies/s_metal_fence.dae","useInstanceRenderData":true}
{"class":"TSStatic","persistentId":"41ff59f2-0953-4bcf-9527-a706c28a65e6","__parent":"SimGroup_","position":[15.611908,-322.522003,190.601562],"isRenderEnabled":false,"rotationMatrix":[-0.451633394,-0.869852662,-0.198452145,0.878351927,-0.472525299,0.0722306743,-0.156603694,-0.141689092,0.977445185],"shapeName":"/art/aipacenotes/bng_copies/s_metal_fence.dae","useInstanceRenderData":true}
{"class":"TSStatic","persistentId":"430706e9-c799-48ab-bd61-d184bea7e63d","__parent":"SimGroup_","position":[-1046.44629,915.571167,395.367615],"isRenderEnabled":false,"rotationMatrix":[0.999999881,2.00239119e-05,0,-2.00233317e-05,0.999970853,-0.00761916908,-1.52567637e-07,0.00761916908,0.999970853],"shapeName":"/art/aipacenotes/bng_copies/cone.dae","useInstanceRenderData":true}
{"class":"TSStatic","persistentId":"4a8188f9-6b6f-421e-a19a-f8b4770f9d58","__parent":"SimGroup_","position":[-1044.32776,843.263672,390.318512],"isRenderEnabled":false,"rotationMatrix":[0.500000179,0.86602515,8.69610358e-06,-0.866025388,0.50000006,5.02069997e-06,0,-1.02202102e-05,0.999999821],"scale":[0.0799999982,0.0799999982,1],"shapeName":"/art/aipacenotes/bng_copies/ut_race_mesh_barricade_curve.DAE","useInstanceRenderData":true}
{"class":"TSStatic","persistentId":"4e75392a-ed0b-4810-a63a-b61ca3f0a529","__parent":"SimGroup_","position":[135.467407,-373.322418,194.02713],"isRenderEnabled":false,"rotationMatrix":[-0.99996984,-0.00131079333,-0.00762924179,0.00131079333,-0.999998987,3.04692875e-08,-0.00762927206,-1.00136931e-05,0.999970734],"shapeName":"/art/aipacenotes/bng_copies/arrowboard_R.dae","useInstanceRenderData":true}
{"class":"TSStatic","persistentId":"501e3482-d41a-49ae-aeba-f4f5f2fba078","__parent":"SimGroup_","position":[-1043.30249,905.614746,400.120911],"isRenderEnabled":false,"rotationMatrix":[-0.992546022,-0.121869281,-1.45279468e-08,0.121869273,-0.992546082,-1.18320685e-07,0,-1.19209268e-07,0.99999994],"scale":[1.75,1,1],"shapeName":"/art/aipacenotes/bng_copies/s_flag_tinsel_01.dae","useInstanceRenderData":true}
{"class":"TSStatic","persistentId":"524ea76c-1405-4854-b35b-533b63490a68","__parent":"SimGroup_","position":[-1182.87061,720.844421,369.06781],"isRenderEnabled":false,"rotationMatrix":[-0.999883354,-8.74227695e-08,-0.0152570847,2.78079462e-08,-0.999999762,1.33381672e-09,-0.0152570261,5.96046341e-08,0.999883413],"shapeName":"/art/aipacenotes/bng_copies/race_arrowsign_1_R.dae","useInstanceRenderData":true}
{"class":"TSStatic","persistentId":"530b3035-b3a8-4717-8e60-b008cc76f6b5","__parent":"SimGroup_","position":[133.305542,-366.364777,194.019821],"isRenderEnabled":false,"rotationMatrix":[1.99359092e-05,-0.999970794,0.00761916861,0.999999821,1.99364913e-05,6.66088906e-10,-1.52567637e-07,0.00761916908,0.999970853],"shapeName":"/art/aipacenotes/bng_copies/s_concrete_arrow_barrier.dae","useInstanceRenderData":true}
{"class":"TSStatic","persistentId":"5423b3e6-3ae6-413a-b99a-b94c64cc17da","__parent":"SimGroup_","position":[-719.862183,753.648438,307.975739],"isRenderEnabled":false,"rotationMatrix":[-0.233580858,-0.970155001,-0.0651065484,0.971594155,-0.230260968,-0.0546309017,0.038008973,-0.0760179162,0.99638164],"shapeName":"/art/aipacenotes/bng_copies/s_concrete_race_barrier.dae","useInstanceRenderData":true}
{"class":"TSStatic","persistentId":"56f1edc8-025c-49f5-bf21-71a490d8bd22","__parent":"SimGroup_","position":[-2.45489502,-304.100372,189.736237],"isRenderEnabled":false,"rotationMatrix":[-0.999883354,8.74227695e-08,0.0152570847,-2.78079462e-08,-0.999999762,1.33381672e-09,0.0152570261,5.96046341e-08,0.999883413],"shapeName":"/art/aipacenotes/bng_copies/s_metal_fence.dae","useInstanceRenderData":true}
{"class":"TSStatic","persistentId":"5b449947-5dd6-4dd4-aa1d-30cebc2ba5b2","__parent":"SimGroup_","position":[212.98175,298.062195,185.4095],"isRenderEnabled":false,"rotationMatrix":[0.393038541,-0.91932404,0.0190596785,0.919237256,0.392316908,-0.0330123007,0.0228716023,0.0304954704,0.999273002],"shapeName":"/art/aipacenotes/bng_copies/s_concrete_arrow_barrier.dae","useInstanceRenderData":true}
{"class":"TSStatic","persistentId":"5c08eff2-9a55-4e4c-b3ba-bfb03537bc81","__parent":"SimGroup_","position":[41.0422668,-257.178284,190.957321],"isRenderEnabled":false,"rotationMatrix":[0.00131061848,0.999998987,-2.91353484e-08,-0.99996984,0.00131061848,0.00762924179,0.00762927206,-1.00136931e-05,0.999970734],"shapeName":"/art/aipacenotes/bng_copies/s_metal_fence.dae","useInstanceRenderData":true}
{"class":"TSStatic","persistentId":"5c699bc7-110d-44d3-9464-5076c164dc1d","__parent":"SimGroup_","position":[-1043.75403,842.95752,390.27832],"isRenderEnabled":false,"rotationMatrix":[0.939692676,-0.342020154,-3.43436045e-06,0.342020214,0.939692438,9.43582654e-06,0,-1.02202102e-05,0.999999821],"scale":[0.0799999982,0.0799999982,1],"shapeName":"/art/aipacenotes/bng_copies/ut_race_mesh_barricade_curve.DAE","useInstanceRenderData":true}
{"class":"TSStatic","persistentId":"5d926e31-e5d3-43eb-bfe0-406fe4ec74dc","__parent":"SimGroup_","position":[-1042.1488,907.989258,395.108521],"isRenderEnabled":false,"rotationMatrix":[0.394332379,-0.918852091,-0.0145809613,0.918868721,0.394473106,-0.00841825362,0.0134869292,-0.0100783613,0.999858081],"shapeName":"/art/aipacenotes/bng_copies/arrowFlag_02.dae","useInstanceRenderData":true}
{"class":"TSStatic","persistentId":"5db18350-306a-4879-a336-ce8f3a4e20a5","__parent":"SimGroup_","position":[11.8799744,-331.947235,190.908646],"isRenderEnabled":false,"rotationMatrix":[-8.74227624e-08,0.998142302,-0.060921859,-0.999999821,-8.72603749e-08,5.32595834e-09,0,0.0609218627,0.998142362],"shapeName":"/art/aipacenotes/bng_copies/s_metal_fence.dae","useInstanceRenderData":true}
{"class":"TSStatic","persistentId":"6027e7b1-6c43-4da2-8c02-4aa276335b08","__parent":"SimGroup_","position":[214.559082,299.795349,185.372681],"isRenderEnabled":false,"rotationMatrix":[-0.994546711,-0.103735313,0.0107535701,0.104012072,-0.994136989,0.0295452066,0.00762564456,0.0305025782,0.99950546],"shapeName":"/art/aipacenotes/bng_copies/arrowboard_R.dae","useInstanceRenderData":true}
{"class":"TSStatic","persistentId":"6058167e-3a4d-4f99-8123-f600667629ac","__parent":"SimGroup_","position":[-973.334656,947.658569,392.444611],"isRenderEnabled":false,"rotationMatrix":[0.587350488,-0.809080184,-0.0202101152,0.809296727,0.586905897,0.0240854677,-0.00762564456,-0.0305026378,0.99950546],"shapeName":"/art/aipacenotes/bng_copies/ut_race_mesh_barricade_curve_b.DAE","useInstanceRenderData":true}
{"class":"TSStatic","persistentId":"615fd91e-4d9e-476a-a0df-caeacbf031ed","__parent":"SimGroup_","position":[-719.168274,756.539551,308.110504],"isRenderEnabled":false,"rotationMatrix":[-0.237099439,-0.971303523,-0.0187883228,0.970409334,-0.23588267,-0.0516204946,0.0457073487,-0.0304716062,0.998489857],"shapeName":"/art/aipacenotes/bng_copies/s_concrete_race_barrier.dae","useInstanceRenderData":true}
{"class":"TSStatic","persistentId":"63e4ccd4-917e-44dc-88d1-99cb463e4f7f","__parent":"SimGroup_","position":[208.425232,-340.482697,192.126328],"isRenderEnabled":false,"rotationMatrix":[0.970003366,0.242386863,-0.0184892043,-0.242972642,0.964348912,-0.104857467,-0.00758602936,0.106204458,0.994315207],"shapeName":"/art/aipacenotes/bng_copies/constructionbarrier_arrows.dae","useInstanceRenderData":true}
{"class":"TSStatic","persistentId":"65546487-9ee5-4477-bf3e-1e67089016e5","__parent":"SimGroup_","position":[-453.137878,-118.537567,259.092224],"isRenderEnabled":false,"rotationMatrix":[0.724753201,0.684574842,0.0780369043,-0.688966751,0.71880132,0.0930007696,0.0075729643,-0.121167488,0.992603004],"shapeName":"/art/aipacenotes/bng_copies/constructionbarrier_arrows.dae","useInstanceRenderData":true}
{"class":"TSStatic","persistentId":"694c2cf8-5f33-4b03-8601-1c3a59c74e8d","__parent":"SimGroup_","position":[-1039.60229,881.13501,395.074463],"isRenderEnabled":false,"rotationMatrix":[-1,-1.74845525e-07,-1.75569346e-12,1.74845553e-07,-0.999999762,-1.00413963e-05,0,-1.02202102e-05,0.999999821],"shapeName":"/art/aipacenotes/bng_copies/constructionbarrier_arrows.dae","useInstanceRenderData":true}
{"class":"TSStatic","persistentId":"6ad833d6-3c1b-4c4c-9c93-96c8e5f0729f","__parent":"SimGroup_","position":[55.0279541,-343.466705,192.607117],"isRenderEnabled":false,"rotationMatrix":[0.599354625,0.789569676,0.131732672,-0.794425964,0.606916368,-0.0232280418,-0.0982908458,-0.0907299966,0.991012871],"shapeName":"/art/aipacenotes/bng_copies/s_metal_fence.dae","useInstanceRenderData":true}
{"class":"TSStatic","persistentId":"6cc86cda-13d6-4ee5-9f4b-e069c8f6a817","__parent":"SimGroup_","position":[-1039.75964,883.019531,395.07431],"isRenderEnabled":false,"rotationMatrix":[-0.984550476,-0.174938872,-0.00751333172,0.174933806,-0.984579146,0.00132483384,-0.00762927206,-1.00136931e-05,0.999970734],"shapeName":"/art/aipacenotes/bng_copies/constructionbarrier_arrows.dae","useInstanceRenderData":true}
{"class":"TSStatic","persistentId":"6d6f296f-b4f2-4f77-ae8d-c0f9e02101bc","__parent":"SimGroup_","position":[133.291382,-372.331146,194.02977],"isRenderEnabled":false,"rotationMatrix":[2.00583345e-05,-0.999970615,-0.00763919577,0.999999821,2.00589166e-05,6.67839728e-10,1.52566727e-07,-0.00763925584,0.999970675],"shapeName":"/art/aipacenotes/bng_copies/s_concrete_arrow_barrier.dae","useInstanceRenderData":true}
{"class":"TSStatic","persistentId":"6d8b4b96-b004-43fb-a3ac-d189b7f63b0a","__parent":"SimGroup_","position":[-718.440063,758.469482,308.012024],"isRenderEnabled":false,"rotationMatrix":[0.78238523,-0.61978364,-0.0611654595,0.612349629,0.783456206,-0.105941735,0.113581389,0.0454326533,0.992489159],"shapeName":"/art/aipacenotes/bng_copies/arrowFlag_02.dae","useInstanceRenderData":true}
{"class":"TSStatic","persistentId":"71348ee6-5a13-44ef-bedc-d9c79a058b18","__parent":"SimGroup_","position":[-2.45489502,-304.100372,189.736237],"isRenderEnabled":false,"rotationMatrix":[-0.999883354,8.74227695e-08,0.0152570847,-2.78079462e-08,-0.999999762,1.33381672e-09,0.0152570261,5.96046341e-08,0.999883413],"shapeName":"/art/aipacenotes/bng_copies/s_metal_fence.dae","useInstanceRenderData":true}
{"class":"TSStatic","persistentId":"715479ea-d6e9-4296-b633-100d2bb5898f","__parent":"SimGroup_","position":[52.9158936,195.239761,200.55809],"isRenderEnabled":false,"rotationMatrix":[0.686281383,0.726251483,-0.0397008955,-0.726977885,0.683208764,-0.0687639862,-0.0228159484,0.07605315,0.996842504],"shapeName":"/art/aipacenotes/bng_copies/ut_race_mesh_barricade_.DAE","useInstanceRenderData":true}
{"class":"TSStatic","persistentId":"744155cc-5484-46f9-b542-c69f12611021","__parent":"SimGroup_","position":[170.529541,-402.708771,197.028412],"isRenderEnabled":false,"rotationMatrix":[0.998170733,0.0598501861,-0.00852873828,-0.0599716306,0.998090506,-0.0147722373,0.00762834447,0.0152567187,0.999854326],"shapeName":"/art/aipacenotes/bng_copies/race_arrowsign_1_R.dae","useInstanceRenderData":true}
{"class":"TSStatic","persistentId":"74bd0d52-54b7-4250-a709-bf4f3462d216","__parent":"SimGroup_","position":[-454.425629,-117.260315,259.235382],"isRenderEnabled":false,"rotationMatrix":[0.710241556,0.701497316,0.0588054061,-0.703916907,0.706816256,0.0700815618,0.00759741152,-0.091168955,0.995806277],"shapeName":"/art/aipacenotes/bng_copies/constructionbarrier_arrows.dae","useInstanceRenderData":true}
{"class":"TSStatic","persistentId":"77e77b38-1341-43b0-a7ea-646e2d0cdafd","__parent":"SimGroup_","position":[165.794922,111.659157,189.678497],"isRenderEnabled":false,"rotationMatrix":[0.866035223,-0.499968082,0.00380958454,0.499982595,0.86601007,-0.00659839343,-1.52567637e-07,0.00761916908,0.999970853],"shapeName":"/art/aipacenotes/bng_copies/s_metal_fence.dae","useInstanceRenderData":true}
{"class":"TSStatic","persistentId":"7cffd851-41ef-4e58-8903-059fb5d0343a","__parent":"SimGroup_","position":[124.778259,-362.574554,194.017029],"isRenderEnabled":false,"rotationMatrix":[8.74227766e-08,-0.999999762,-1.00413963e-05,1,8.74227624e-08,8.77846732e-13,0,-1.02202102e-05,0.999999821],"shapeName":"/art/aipacenotes/bng_copies/ut_race_mesh_barricade_.DAE","useInstanceRenderData":true}
{"class":"TSStatic","persistentId":"7e0e0a9b-95b3-497b-a126-79cd51c7f140","__parent":"SimGroup_","position":[-976.1745,955.582642,392.727997],"isRenderEnabled":false,"rotationMatrix":[0.998062253,0.0549372435,-0.0292011537,-0.0542294383,0.998227477,0.0245026648,0.0304954704,-0.0228715427,0.999272943],"shapeName":"/art/aipacenotes/bng_copies/ut_race_mesh_barricade_curve_b.DAE","useInstanceRenderData":true}
{"class":"TSStatic","persistentId":"7e70f703-881a-48b4-995c-d87d4caaef6a","__parent":"SimGroup_","position":[-2.3298645,-279.96405,189.418854],"isRenderEnabled":false,"rotationMatrix":[0.99857676,8.74227624e-08,-0.053329777,-8.72983534e-08,0.999999821,4.66223726e-09,0.0533298403,0,0.99857682],"shapeName":"/art/aipacenotes/bng_copies/s_metal_fence.dae","useInstanceRenderData":true}
{"class":"TSStatic","persistentId":"7ea5e3f7-e0d8-4044-8d38-01178878f6ce","__parent":"SimGroup_","position":[-1039.77515,883.001343,396.143738],"isRenderEnabled":false,"rotationMatrix":[0.497716755,0.867331028,0.00381468073,-0.867305815,0.497731477,-0.00660722004,-0.00762930186,-2.00273862e-05,0.999970734],"shapeName":"/art/aipacenotes/bng_copies/flagMarker.dae","useInstanceRenderData":true}
{"class":"TSStatic","persistentId":"8467b49e-f9af-4c82-8e30-8419f3a85606","__parent":"SimGroup_","position":[197.450562,-370.905182,194.024658],"isRenderEnabled":false,"rotationMatrix":[-1,0,0,0,-0.999999821,-1.00413963e-05,0,-1.02202102e-05,0.999999821],"shapeName":"/art/aipacenotes/bng_copies/ut_race_mesh_barricade_.DAE","useInstanceRenderData":true}
{"class":"TSStatic","persistentId":"8ad342a2-31f5-4390-b1bb-52f76b5d3e1c","__parent":"SimGroup_","position":[-1040.09155,884.823242,396.136383],"isRenderEnabled":false,"rotationMatrix":[0.766037941,0.642795146,1.29677164e-05,-0.642795205,0.766037881,1.54543231e-05,2.01874822e-10,-2.01145795e-05,0.999999762],"shapeName":"/art/aipacenotes/bng_copies/flagMarker.dae","useInstanceRenderData":true}
{"class":"TSStatic","persistentId":"8b26fb4c-ecf6-4993-8222-5e6ef95d9d67","__parent":"SimGroup_","position":[-457.140656,-113.322876,259.495148],"isRenderEnabled":false,"rotationMatrix":[-0.983869672,0.1788854,0,-0.178238153,-0.980309784,-0.0849907547,-0.0152035858,-0.0836197883,0.996381462],"shapeName":"/art/aipacenotes/bng_copies/cone.dae","useInstanceRenderData":true}
{"class":"TSStatic","persistentId":"8b5eda1d-2220-4233-8287-1d13a276f7f1","__parent":"SimGroup_","position":[8.73550415,-265.996216,189.191513],"isRenderEnabled":false,"rotationMatrix":[-0.990701497,-8.74227624e-08,-0.136052251,8.66098802e-08,-0.999999821,1.18940662e-08,-0.136052281,0,0.990701556],"shapeName":"/art/aipacenotes/bng_copies/s_metal_fence.dae","useInstanceRenderData":true}
{"class":"TSStatic","persistentId":"8b63672a-d3f6-4058-a1a8-20661cada6cf","__parent":"SimGroup_","position":[-864.041687,-28.2685547,281.248108],"isRenderEnabled":false,"rotationMatrix":[0.856030047,0.511359453,0.0756562501,-0.513330877,0.85815382,0.00795199722,-0.0608583838,-0.0456438512,0.997102141],"shapeName":"/art/aipacenotes/bng_copies/ut_race_mesh_barricade_.DAE","useInstanceRenderData":true}
{"class":"TSStatic","persistentId":"8e273a32-ce87-408d-85cd-eb1c6c81d1a2","__parent":"SimGroup_","position":[-1075.26477,850.439209,388.139587],"isRenderEnabled":false,"rotationMatrix":[-0.0598502159,0.998170733,-0.0085287476,-0.998090565,-0.0599716306,-0.0147721637,-0.0152566293,0.00762835937,0.999854386],"shapeName":"/art/aipacenotes/bng_copies/ut_race_mesh_barricade_.DAE","useInstanceRenderData":true}
{"class":"TSStatic","persistentId":"91130024-22a3-4c7f-ab91-7f766cbfeb1f","__parent":"SimGroup_","position":[123.472717,-255.519592,193.227341],"isRenderEnabled":false,"rotationMatrix":[-0.207397014,0.96666801,-0.150130004,-0.977995753,-0.201340929,0.0546428598,0.022594193,0.158159256,0.987154901],"shapeName":"/art/aipacenotes/bng_copies/constructionbarrier_arrows.dae","useInstanceRenderData":true}
{"class":"TSStatic","persistentId":"91d8d06a-0ece-4724-b51b-618d0cc0c72a","__parent":"SimGroup_","position":[-339.38681,-43.9479675,273.805695],"isRenderEnabled":false,"rotationMatrix":[0.0850254893,0.994594216,0.0596040674,-0.993478596,0.0891871154,-0.0710333139,-0.0759652853,-0.0531758443,0.995691359],"shapeName":"/art/aipacenotes/bng_copies/s_concrete_race_barrier.dae","useInstanceRenderData":true}
{"class":"TSStatic","persistentId":"9a689f84-159b-47f6-9a8e-14da00fe0902","__parent":"SimGroup_","position":[208.180237,-336.77066,192.025757],"isRenderEnabled":false,"rotationMatrix":[1,8.74227624e-08,8.77846732e-13,-8.74227766e-08,0.999999762,1.00413963e-05,0,-1.02202102e-05,0.999999821],"shapeName":"/art/aipacenotes/bng_copies/constructionbarrier_arrows.dae","useInstanceRenderData":true}
{"class":"TSStatic","persistentId":"9a8e566f-d2b8-47eb-9e2a-8e756b3b3a6c","__parent":"SimGroup_","position":[-1040.44702,890.156006,395.120087],"isRenderEnabled":false,"rotationMatrix":[0.852553725,-0.522602677,0.00618925272,0.522633076,0.852541804,-0.00519339973,-0.00256250543,0.00766237779,0.999967217],"shapeName":"/art/aipacenotes/bng_copies/s_metal_fence.dae","useInstanceRenderData":true}
{"class":"TSStatic","persistentId":"9ae30a8d-615c-4cb7-8690-a6f1d08ab152","__parent":"SimGroup_","position":[-338.530243,-44.1672058,273.875153],"isRenderEnabled":false,"rotationMatrix":[-0.173039973,-0.984807611,-0.0145221008,0.981357753,-0.173648268,0.0823588669,-0.0836294144,0,0.996496797],"shapeName":"/art/aipacenotes/bng_copies/race_arrowsign_1_L.dae","useInstanceRenderData":true}
{"class":"TSStatic","persistentId":"9ba4df6a-d19b-4d2e-b30b-e0a04ffea3ce","__parent":"SimGroup_","position":[208.180237,-333.114594,192.025757],"isRenderEnabled":false,"rotationMatrix":[1,8.74227624e-08,8.77846732e-13,-8.74227766e-08,0.999999762,1.00413963e-05,0,-1.02202102e-05,0.999999821],"shapeName":"/art/aipacenotes/bng_copies/constructionbarrier_arrows.dae","useInstanceRenderData":true}
{"class":"TSStatic","persistentId":"a0971eab-f6c9-4250-a5cb-42a5bf1fdb54","__parent":"SimGroup_","position":[208.180237,-334.931183,192.025757],"isRenderEnabled":false,"rotationMatrix":[1,8.74227624e-08,8.77846732e-13,-8.74227766e-08,0.999999762,1.00413963e-05,0,-1.02202102e-05,0.999999821],"shapeName":"/art/aipacenotes/bng_copies/constructionbarrier_arrows.dae","useInstanceRenderData":true}
{"class":"TSStatic","persistentId":"a16fd2b9-c5db-4c06-a57b-4f2c9bc56928","__parent":"SimGroup_","position":[-1039.60229,879.279175,395.074463],"isRenderEnabled":false,"rotationMatrix":[-1,-1.74845525e-07,-1.75569346e-12,1.74845553e-07,-0.999999762,-1.00413963e-05,0,-1.02202102e-05,0.999999821],"shapeName":"/art/aipacenotes/bng_copies/constructionbarrier_arrows.dae","useInstanceRenderData":true}
{"class":"TSStatic","persistentId":"a42a213b-d8ed-43e1-aadb-14f29cc5db40","__parent":"SimGroup_","position":[-866.896851,-24.2931824,280.862457],"isRenderEnabled":false,"rotationMatrix":[-0.0345406085,-0.0506831072,0.998117089,0.826349795,-0.563156784,8.91208174e-08,0.562096536,0.824794054,0.0613337718],"scale":[3,1,1.10000002],"shapeName":"/art/aipacenotes/bng_copies/s_office_bench.dae","useInstanceRenderData":true}
{"class":"TSStatic","persistentId":"a4d422f8-fed7-4941-8a0a-8b9f86f20ee7","__parent":"SimGroup_","position":[-339.406738,-46.9098816,273.710754],"isRenderEnabled":false,"rotationMatrix":[-0.122209042,0.990874648,0.0568493977,-0.988327265,-0.116245627,-0.0984660983,-0.0909590647,-0.0682192221,0.993515074],"shapeName":"/art/aipacenotes/bng_copies/s_concrete_race_barrier.dae","useInstanceRenderData":true}
{"class":"TSStatic","persistentId":"a6adb0ad-50e2-47ff-9f8e-a8d182198b69","__parent":"SimGroup_","position":[-1132.19275,144.546402,288.710999],"isRenderEnabled":false,"rotationMatrix":[0.985111237,-0.116000727,-0.126883656,0.114073977,0.99322027,-0.0223730281,0.128618777,0.0075657405,0.991665125],"shapeName":"/art/aipacenotes/bng_copies/s_metal_fence.dae","useInstanceRenderData":true}
{"class":"TSStatic","persistentId":"a811dd24-db21-44ca-b162-ca082702055b","__parent":"SimGroup_","position":[-720.72998,750.704102,307.923248],"isRenderEnabled":false,"rotationMatrix":[-0.318971455,-0.946970165,0.0387852564,0.944706857,-0.320960522,-0.0671780333,0.0760640875,0.0152128479,0.996986747],"shapeName":"/art/aipacenotes/bng_copies/s_concrete_race_barrier.dae","useInstanceRenderData":true}
{"class":"TSStatic","persistentId":"a83c505d-cef1-4f12-850f-84c86fbb15df","__parent":"SimGroup_","position":[211.807373,300.842529,185.402893],"isRenderEnabled":false,"rotationMatrix":[0.371390641,-0.928476572,2.98023188e-08,0.927693784,0.371077538,-0.0410510488,0.0381148905,0.0152460039,0.999156833],"shapeName":"/art/aipacenotes/bng_copies/s_concrete_arrow_barrier.dae","useInstanceRenderData":true}
{"class":"TSStatic","persistentId":"ac21d0cb-ea33-4349-9547-b5a8b915ba6c","__parent":"SimGroup_","position":[-360.141144,-52.4382019,272.515991],"isRenderEnabled":false,"rotationMatrix":[0.114270031,0.993320227,-0.0160288159,-0.993420303,0.11437571,0.00583399599,0.00762834447,0.0152567187,0.999854326],"shapeName":"/art/aipacenotes/bng_copies/ut_race_mesh_barricade_.DAE","useInstanceRenderData":true}
{"class":"TSStatic","persistentId":"ae7bb3cf-ba4d-400e-b52e-73276283c87e","__parent":"SimGroup_","position":[-980.861206,959.526489,392.970581],"isRenderEnabled":false,"rotationMatrix":[-0.694975853,-0.718775034,0.0192516316,0.718411803,-0.695239186,-0.0229432024,0.0298754796,-0.00211430155,0.999551237],"shapeName":"/art/aipacenotes/bng_copies/s_metal_fence.dae","useInstanceRenderData":true}
{"class":"TSStatic","persistentId":"ae91dcfd-abb4-448f-8d57-c30c92fe3726","__parent":"SimGroup_","position":[62.039032,-257.115997,192.260788],"isRenderEnabled":false,"rotationMatrix":[0.173628554,0.984782457,-0.00750341639,-0.984811068,0.173623517,-0.00132305571,-1.52567637e-07,0.00761916908,0.999970853],"shapeName":"/art/aipacenotes/bng_copies/s_metal_fence.dae","useInstanceRenderData":true}
{"class":"TSStatic","persistentId":"b07b28fd-94a7-4454-bd05-0d51417014e5","__parent":"SimGroup_","position":[8.615448,-288.042816,189.613693],"isRenderEnabled":false,"rotationMatrix":[-0.991286039,0.0660856515,-0.113947988,-0.0665189177,-0.997784972,-4.96429848e-08,-0.113695629,0.00757968845,0.993486524],"shapeName":"/art/aipacenotes/bng_copies/s_metal_fence.dae","useInstanceRenderData":true}
{"class":"TSStatic","persistentId":"b0cabb9e-1580-4380-bfff-520a070b5534","__parent":"SimGroup_","position":[127.166809,-254.978119,193.224503],"isRenderEnabled":false,"rotationMatrix":[-0.205961913,0.956297994,-0.207541361,-0.97129041,-0.225584835,-0.0755388588,-0.119055845,0.18602483,0.97530508],"shapeName":"/art/aipacenotes/bng_copies/constructionbarrier_arrows.dae","useInstanceRenderData":true}
{"class":"TSStatic","persistentId":"b19c5dd3-3760-4ac8-9b7d-78321fad6e06","__parent":"SimGroup_","position":[-974.165588,941.406982,392.249756],"isRenderEnabled":false,"rotationMatrix":[0.969674289,0.238611162,0.0528785624,-0.240403593,0.970192671,0.0305294301,-0.0440176986,-0.0423157737,0.998133957],"shapeName":"/art/aipacenotes/bng_copies/s_metal_fence.dae","useInstanceRenderData":true}
{"class":"TSStatic","persistentId":"b1ba7d5e-31c4-43df-8f72-9387cf9702e7","__parent":"SimGroup_","position":[-1089.20361,754.941528,378.015137],"isRenderEnabled":false,"rotationMatrix":[-1.74845553e-07,-0.999999762,-1.00413963e-05,1,-1.74845525e-07,-1.75569346e-12,0,-1.02202102e-05,0.999999821],"shapeName":"/art/aipacenotes/bng_copies/s_concrete_arrow_barrier.dae","useInstanceRenderData":true}
{"class":"TSStatic","persistentId":"b8c294a0-ede0-4707-b0c4-557f78201e25","__parent":"SimGroup_","position":[-990.45752,415.51297,289.203674],"isRenderEnabled":false,"rotationMatrix":[-0.693564713,0.697459579,0.180326447,-0.704602718,-0.708888829,0.0317963809,0.150008097,-0.105005652,0.983092546],"shapeName":"/art/aipacenotes/bng_copies/constructionbarrier_arrows.dae","useInstanceRenderData":true}
{"class":"TSStatic","persistentId":"ba36ae87-81d4-4270-ba45-f83c83021ad8","__parent":"SimGroup_","position":[209.400574,-372.69931,193.988815],"isRenderEnabled":false,"rotationMatrix":[0.984811068,-0.173623472,-0.00132653292,0.173628539,0.984782279,0.00752313947,1.52566727e-07,-0.00763925584,0.999970675],"shapeName":"/art/aipacenotes/bng_copies/ut_race_mesh_barricade_.DAE","useInstanceRenderData":true}
{"class":"TSStatic","persistentId":"ba7b9cb9-d16a-4780-a0e6-f6edc73cef40","__parent":"SimGroup_","position":[-1040.427,955.556152,397.681732],"isRenderEnabled":false,"rotationMatrix":[0.729842424,-0.683528543,0.0108800288,0.683597326,0.729615808,-0.0188447759,0.00494270446,0.0211912617,0.999763131],"shapeName":"/art/aipacenotes/bng_copies/flagMarkerOrange.dae","useInstanceRenderData":true}
{"class":"TSStatic","persistentId":"bcd57bb6-f1f2-42f2-883d-7c43288108f9","__parent":"SimGroup_","position":[125.282898,-255.257599,193.13649],"isRenderEnabled":false,"rotationMatrix":[-0.0759266764,0.985876262,-0.14927426,-0.996999204,-0.0727979392,0.0263210889,0.0150824841,0.150824845,0.988445282],"shapeName":"/art/aipacenotes/bng_copies/constructionbarrier_arrows.dae","useInstanceRenderData":true}
{"class":"TSStatic","persistentId":"bd6571fc-fd4d-4677-af6a-27bdabc63950","__parent":"SimGroup_","position":[66.4816284,180.821976,202.204361],"isRenderEnabled":false,"rotationMatrix":[0.804351926,0.589005828,-0.0780369043,-0.594104648,0.79899323,-0.0930007622,0.0075729643,0.121167488,0.992603004],"shapeName":"/art/aipacenotes/bng_copies/ut_race_mesh_barricade_.DAE","useInstanceRenderData":true}
{"class":"TSStatic","persistentId":"bdba53fe-cbeb-4836-9036-7c50db907c49","__parent":"SimGroup_","position":[-456.817505,-114.553223,259.412842],"isRenderEnabled":false,"rotationMatrix":[0.739408255,0.667825699,0.0853447169,-0.6711514,0.741167247,0.0150485812,-0.0532048754,-0.0684061572,0.996237636],"shapeName":"/art/aipacenotes/bng_copies/constructionbarrier_arrows.dae","useInstanceRenderData":true}
{"class":"TSStatic","persistentId":"bef49b7e-83fc-42e9-9f64-9f755c60b180","__parent":"SimGroup_","position":[-1079.45251,599.223694,340.272949],"isRenderEnabled":false,"rotationMatrix":[-0.881513953,0.470864356,0.034922529,-0.466017902,-0.879557133,0.0959488526,0.0758952722,0.0683057755,0.994773269],"shapeName":"/art/aipacenotes/bng_copies/arrowboard_L.dae","useInstanceRenderData":true}
{"class":"TSStatic","persistentId":"c1df9bc7-d439-43cd-b1ce-d3116b5b3441","__parent":"SimGroup_","position":[-1013.7674,954.755615,395.203247],"isRenderEnabled":false,"rotationMatrix":[-0.999604225,0.0172435641,0.0222214274,-0.0163796246,-0.999124646,0.0384886414,0.0228656046,0.0381094292,0.999011755],"shapeName":"/art/aipacenotes/bng_copies/race_arrowsign_1_R.dae","useInstanceRenderData":true}
{"class":"TSStatic","persistentId":"c3304276-610b-4021-8035-e7d041584b2a","__parent":"SimGroup_","position":[-1039.58435,881.131714,396.144012],"isRenderEnabled":false,"rotationMatrix":[0.939695895,-0.342010647,-6.89997751e-06,0.342010677,0.939695776,1.8957533e-05,2.01874323e-10,-2.01145795e-05,0.999999762],"shapeName":"/art/aipacenotes/bng_copies/flagMarker.dae","useInstanceRenderData":true}
