{"name":"SimGroup_","class":"SimGroup","persistentId":"cb9e0478-a937-4126-afdc-2df8b3885adc","groupPosition":"0 0 0"}
{"class":"TSStatic","persistentId":"00bdcf2d-ebfa-4281-91ce-e33758566457","__parent":"SimGroup_","position":[-461.569641,-173.067703,27.7067509],"isRenderEnabled":false,"rotationMatrix":[-0.0637696981,0.997964501,0,-0.997964501,-0.0637696981,0,0,0,1],"shapeName":"/levels/ms_s3/art/shapes/buildings/italy_construction_site_net_folded.DAE","useInstanceRenderData":true}
{"class":"TSStatic","persistentId":"01b383ad-6289-47aa-b5bc-7c0ef508876e","__parent":"SimGroup_","position":[438.346405,-474.241302,188.79982],"isRenderEnabled":false,"rotationMatrix":[0.507283807,-0.861778975,0,0.861778975,0.507283807,0,0,0,1],"shapeName":"/art/shapes/garage_and_dealership/Clutter/clutter_workshop_green_can.dae","useInstanceRenderData":true}
{"class":"TSStatic","persistentId":"02b864e5-698c-43fd-bf05-149ff8457b87","__parent":"SimGroup_","position":[173.64061,248.914917,195.10733],"isRenderEnabled":false,"rotationMatrix":[0.209270775,-0.976155877,0.0576680787,0.976451874,0.211767495,0.0411883667,-0.0524184965,0.0476905704,0.997485816],"shapeName":"/levels/ms_s3/art/shapes/race/sign_checkpoint.dae","useInstanceRenderData":true}
{"class":"TSStatic","persistentId":"04506979-460b-4d94-a5bb-8afd09459f3d","__parent":"SimGroup_","position":[301.644409,229.906189,200.667175],"isRenderEnabled":false,"rotationMatrix":[0.791251719,0.610374808,0.0369226821,-0.611449122,0.79045707,0.036159832,-0.00711474102,-0.0511878766,0.998663723],"shapeName":"/levels/ms_s3/art/shapes/buildings/italy_construction_site_net_rolled.DAE","useInstanceRenderData":true}
{"class":"TSStatic","persistentId":"0649dccc-d3f9-4e7f-b49c-e09777692d8b","__parent":"SimGroup_","position":[409.529663,-48.2261276,100.219589],"isRenderEnabled":false,"rotationMatrix":[0.969067514,-0.245098963,-0.02888982,0.245607242,0.969244778,0.0155456318,0.024191089,-0.0221603159,0.99946171],"shapeName":"/levels/ms_s3/art/shapes/buildings/italy_construction_site_net.DAE","useInstanceRenderData":true}
{"class":"TSStatic","persistentId":"08b3134e-ca90-4256-9d95-45d73cbcbed4","__parent":"SimGroup_","position":[426.935272,-479.181122,188.797318],"isRenderEnabled":false,"rotationMatrix":[-0.0679793358,-0.997686625,0,0.997686625,-0.0679793358,0,0,0,1],"shapeName":"/art/shapes/garage_and_dealership/Clutter/clutter_workshop_black_oil.dae","useInstanceRenderData":true}
{"class":"TSStatic","persistentId":"0a104890-0215-43a7-ae7d-5ed28205c0fc","__parent":"SimGroup_","position":[422.418976,-428.234161,177.880203],"isRenderEnabled":false,"rotationMatrix":[-0.480428576,0.872825503,-0.0858136192,-0.864980459,-0.487718344,-0.11806576,-0.144903675,0.0175049491,0.989290893],"shapeName":"/levels/ms_s3/art/shapes/race/sign_finish.dae","useInstanceRenderData":true}
{"class":"TSStatic","persistentId":"0b7a67df-c4fd-492d-bbf3-7dba6a14b14e","__parent":"SimGroup_","position":[465.396271,-421.758575,180.246506],"isRenderEnabled":false,"rotationMatrix":[-0.0935767889,-0.995610118,0.00189197436,0.990120769,-0.0932598114,-0.104705006,0.104421824,-0.00792469457,0.994501531],"shapeName":"/art/shapes/objects/s_metal_fence.dae","useInstanceRenderData":true}
{"class":"TSStatic","persistentId":"0eac4d3d-58cd-444e-859f-6394dc72c7a1","__parent":"SimGroup_","position":[-229.682007,-277.296417,50.8934937],"isRenderEnabled":false,"rotationMatrix":[0.998753786,0,-0.0499082543,0,1,0,0.0499082543,0,0.998753786],"shapeName":"/levels/ms_s3/art/shapes/buildings/italy_construction_site_net_rolled.DAE","useInstanceRenderData":true}
{"class":"TSStatic","persistentId":"0f48b170-07f3-44cf-a3ef-031ff1e86171","__parent":"SimGroup_","position":[-433.746918,500.215546,242.509399],"isRenderEnabled":false,"rotationMatrix":[-0.0113916397,-0.999934971,0,0.999934971,-0.0113916397,0,0,0,1],"shapeName":"/levels/ms_s3/art/shapes/objects_hr/gazebo_blue.dae","useInstanceRenderData":true}
{"class":"TSStatic","persistentId":"12272507-a2e7-4814-b09a-b30444bbda1d","__parent":"SimGroup_","position":[-451.919525,486.493286,238.141449],"collisionType":"None","decalType":"None","isRenderEnabled":false,"rotationMatrix":[0.121747494,0.992561042,0,-0.992561042,0.121747494,0,0,0,1],"scale":[0.522900343,0.522900343,0.522900343],"shapeName":"/art/shapes/objects/s_standinglight_01.dae","useInstanceRenderData":true}
{"class":"TSStatic","persistentId":"15f1eabc-b95a-42a1-9afa-7ed5249d9ab1","__parent":"SimGroup_","position":[-444.694946,497.826904,239.984207],"isRenderEnabled":false,"rotationMatrix":[-0.0431296825,-0.998453975,0.0350612178,0.99906826,-0.043156147,1.86264515e-09,0.00151310861,0.0350285545,0.999385178],"shapeName":"/levels/ms_s3/art/shapes/objects_hr/pole_metal1.dae","useInstanceRenderData":true}
{"class":"TSStatic","persistentId":"16930ced-8224-4d30-8250-df234e03a95f","__parent":"SimGroup_","position":[-458.4422,-176.932816,27.7483997],"isRenderEnabled":false,"rotationMatrix":[-0.695746899,0.718126535,-0.0151950521,-0.718209505,-0.695827246,-4.65661287e-10,-0.0105731292,0.0109132286,0.999884546],"shapeName":"/levels/ms_s3/art/shapes/buildings/italy_construction_site_net.DAE","useInstanceRenderData":true}
{"class":"TSStatic","persistentId":"17c20b53-a390-4347-9154-5f721ff54b67","__parent":"SimGroup_","position":[-462.815765,-163.283798,27.893774],"isRenderEnabled":false,"rotationMatrix":[0.582539201,0.810643196,0.0592086166,-0.809272289,0.58525002,-0.0506028831,-0.0756727308,-0.0184377432,0.996962249],"shapeName":"/levels/ms_s3/art/shapes/buildings/italy_construction_site_net.DAE","useInstanceRenderData":true}
{"class":"TSStatic","persistentId":"1adc5979-43f6-4ce4-bcb9-4c49a7142b1e","__parent":"SimGroup_","position":[-436.668701,503.203094,239.961639],"isRenderEnabled":false,"rotationMatrix":[-0.0113916397,-0.999934971,0,0.999934971,-0.0113916397,0,0,0,1],"shapeName":"/levels/ms_s3/art/shapes/objects_hr/pole_metal1.dae","useInstanceRenderData":true}
{"class":"TSStatic","persistentId":"1b4354ea-9132-4ca5-9a0a-858e98e5ae1d","__parent":"SimGroup_","position":[-364.627777,-276.88028,44.661705],"isRenderEnabled":false,"rotationMatrix":[0.812254429,0.582802296,-0.0241679996,-0.58299768,0.812472701,-0.00130276429,0.0188765861,0.015148066,0.999707043],"scale":[1.05222714,1,1],"shapeName":"/levels/ms_s3/art/shapes/buildings/italy_construction_site_net.DAE","useInstanceRenderData":true}
{"class":"TSStatic","persistentId":"1da77dc0-a06b-4f69-8c52-aa60829b776e","__parent":"SimGroup_","position":[-453.922729,480.251434,238.368973],"isRenderEnabled":false,"rotationMatrix":[0.995110869,-0.0987639204,0,0.0987639204,0.995110869,0,0,0,1],"shapeName":"/levels/ms_s3/art/shapes/objects_hr/pole_metal1.dae","useInstanceRenderData":true}
{"class":"TSStatic","persistentId":"1f4d4a2c-73f9-4a31-bb61-217909808629","__parent":"SimGroup_","position":[411.850525,-48.8284187,100.150047],"isRenderEnabled":false,"rotationMatrix":[0.998990655,-0.0373143032,-0.025007017,0.0378483832,0.999057829,0.0212352667,0.0241910778,-0.0221603084,0.99946171],"shapeName":"/levels/ms_s3/art/shapes/buildings/italy_construction_site_net.DAE","useInstanceRenderData":true}
{"class":"TSStatic","persistentId":"1fc6ecc3-9d07-4dda-9cac-7db1ea9bc305","__parent":"SimGroup_","position":[-451.886292,486.712219,238.932388],"collisionType":"None","decalType":"None","isRenderEnabled":false,"rotationMatrix":[0.992561042,-0.121747829,1.93715096e-07,-1.86264515e-07,1.78813934e-07,0.999999881,-0.121747829,-0.992560983,1.1920929e-07],"scale":[0.25034371,0.25034371,0.25034371],"shapeName":"/levels/ms_s3/art/shapes/buildings/charging_station_b.DAE","useInstanceRenderData":true}
{"class":"TSStatic","persistentId":"21eda289-3d4c-44b7-99a8-7d500ac3536c","__parent":"SimGroup_","position":[455.176971,-416.329834,181.252319],"isRenderEnabled":false,"rotationMatrix":[0.108550131,0.992402256,-0.0579226464,-0.994088471,0.108502567,-0.00397482514,0.00234014355,0.0580116883,0.998313189],"shapeName":"/levels/ms_s3/art/shapes/race/race_rally_finish_checkpoint_red.dae","useInstanceRenderData":true}
{"class":"TSStatic","persistentId":"23c49eb0-2e41-46e3-8ed7-356570ddf41f","__parent":"SimGroup_","position":[458.979858,-416.784973,181.764465],"isRenderEnabled":false,"rotationMatrix":[0.999475956,-0.0179634914,-0.0269274116,0.0179700069,0.999838531,-4.36557457e-11,0.0269230641,-0.000483885757,0.999637365],"shapeName":"/levels/ms_s3/art/shapes/objects_hr/pole_metal1.dae","useInstanceRenderData":true}
{"class":"TSStatic","persistentId":"23c4eb71-8f3b-460c-bb0f-d337da624cdd","__parent":"SimGroup_","position":[454.570465,-416.39267,181.303604],"collisionType":"None","decalType":"None","isRenderEnabled":false,"rotationMatrix":[0.00600486994,0.999981821,0,-0.999981821,0.00600486994,0,0,0,1],"scale":[0.522900343,0.522900343,0.522900343],"shapeName":"/art/shapes/objects/s_standinglight_01.dae","useInstanceRenderData":true}
{"class":"TSStatic","persistentId":"242f740c-b31b-440e-8e01-82f5a1e8a01f","__parent":"SimGroup_","position":[-461.231354,-313.729065,41.3437462],"isRenderEnabled":false,"rotationMatrix":[-0.344677925,-0.938178718,0.0318935141,0.938720524,-0.344500542,0.011074964,0.0005970411,0.0337564014,0.999429941],"scale":[1.11864662,1,1],"shapeName":"/levels/ms_s3/art/shapes/buildings/italy_construction_site_net.DAE","useInstanceRenderData":true}
{"class":"TSStatic","persistentId":"24a047b5-0025-4b67-8612-2eee92ac84b3","__parent":"SimGroup_","position":[435.111481,-480.041595,188.798996],"isRenderEnabled":false,"rotationMatrix":[0.93417567,0.356813461,0,-0.356813461,0.93417567,0,0,0,1],"shapeName":"/art/shapes/garage_and_dealership/Clutter/plastic_can_big.DAE","useInstanceRenderData":true}
{"class":"TSStatic","persistentId":"27070213-75e5-41aa-9d4e-fadbd9986063","__parent":"SimGroup_","position":[436.345917,-471.381012,188.798996],"isRenderEnabled":false,"rotationMatrix":[-0.704080582,0.710119963,0,-0.710119963,-0.704080582,0,0,0,1],"shapeName":"/art/shapes/garage_and_dealership/Clutter/plastic_can_big.DAE","useInstanceRenderData":true}
{"class":"TSStatic","persistentId":"275ed249-a3b1-4f51-b95a-85359cc3db33","__parent":"SimGroup_","position":[-451.338531,478.308685,238.626694],"isRenderEnabled":false,"rotationMatrix":[0.989163816,-0.146816,0,0.146816,0.989163816,0,0,0,1],"shapeName":"/art/shapes/garage_and_dealership/garage/s_laptop.dae","useInstanceRenderData":true}
{"class":"TSStatic","persistentId":"294e1330-2e7b-472f-96f1-bc8f7a3241e4","__parent":"SimGroup_","position":[-459.1492,-160.127594,28.232872],"isRenderEnabled":false,"rotationMatrix":[0.92833519,0.362368703,0.0829619169,-0.36237365,0.931903481,-0.0155303264,-0.0829402059,-0.0156458691,0.996431708],"shapeName":"/levels/ms_s3/art/shapes/buildings/italy_construction_site_net_folded.DAE","useInstanceRenderData":true}
{"class":"TSStatic","persistentId":"2a48579f-c5ec-4c8e-99e7-4ca9c9921e92","__parent":"SimGroup_","position":[253.727539,-178.936768,87.4548035],"isRenderEnabled":false,"rotationMatrix":[0.669901133,-0.742450237,0,0.742450237,0.669901133,0,0,0,1],"shapeName":"/levels/ms_s3/art/shapes/race/sign_checkpoint.dae","useInstanceRenderData":true}
{"class":"TSStatic","persistentId":"2c273c2d-1e22-40bf-affb-5387080c701c","__parent":"SimGroup_","position":[435.244873,-480.444183,189.212296],"isRenderEnabled":false,"rotationMatrix":[0.561104059,-0.827745318,0,0.827745318,0.561104059,0,0,0,1],"shapeName":"/levels/ms_s3/art/shapes/objects_hr/pole_metal1.dae","useInstanceRenderData":true}
{"class":"TSStatic","persistentId":"2e2dbd44-c48c-4a53-ac9b-7ee5f082bca0","__parent":"SimGroup_","position":[-436.86203,502.790283,239.443481],"isRenderEnabled":false,"rotationMatrix":[0.998513222,-0.0545096062,0,0.0545096062,0.998513222,0,0,0,1],"shapeName":"/art/shapes/garage_and_dealership/Clutter/clutter_workshop_green_can.dae","useInstanceRenderData":true}
{"class":"TSStatic","persistentId":"2f810fce-9886-4a00-875d-5eef22eb4286","__parent":"SimGroup_","position":[-478.174133,-339.444427,45.849823],"isRenderEnabled":false,"rotationMatrix":[0.868134201,-0.49057743,-0.0753443316,0.491117746,0.871004045,-0.0124600409,0.0717378333,-0.0261859559,0.99707973],"shapeName":"/levels/ms_s3/art/shapes/race/sign_checkpoint.dae","useInstanceRenderData":true}
{"class":"TSStatic","persistentId":"32c9dd76-1bae-4d7c-ae7c-c195c89159a9","__parent":"SimGroup_","position":[-436.735931,497.304321,239.961639],"isRenderEnabled":false,"rotationMatrix":[-0.0113916397,-0.999934971,0,0.999934971,-0.0113916397,0,0,0,1],"shapeName":"/levels/ms_s3/art/shapes/objects_hr/pole_metal1.dae","useInstanceRenderData":true}
{"class":"TSStatic","persistentId":"33b574f4-a818-4cd2-82f3-a094bcb3d48a","__parent":"SimGroup_","position":[-435.835999,497.012177,239.377106],"isRenderEnabled":false,"rotationMatrix":[0.38621372,-0.192128658,0.902178228,0.830152869,-0.353964806,-0.430761039,0.40210098,0.915311635,0.022790134],"shapeName":"/art/shapes/garage_and_dealership/Clutter/clutter_workshop_short_bottle.dae","useInstanceRenderData":true}
{"class":"TSStatic","persistentId":"345691db-7364-4f88-a802-382ae678c6e8","__parent":"SimGroup_","position":[-236.668564,-278.479614,51.2451096],"isRenderEnabled":false,"rotationMatrix":[-0.849096537,-0.526530504,0.0424298123,0.525874376,-0.850156069,-0.0262782238,0.049908258,0,0.998753786],"shapeName":"/levels/ms_s3/art/shapes/buildings/italy_construction_site_net.DAE","useInstanceRenderData":true}
{"class":"TSStatic","persistentId":"35042542-a9b9-4a40-b61f-d1e1f1e54a85","__parent":"SimGroup_","position":[-446.604584,480.219879,238.006439],"isRenderEnabled":false,"rotationMatrix":[-0.099400878,-0.992877722,-0.0656753331,0.994903803,-0.0980484486,-0.023511637,0.016904816,-0.0676777214,0.997564018],"shapeName":"/art/shapes/objects/s_metal_fence.dae","useInstanceRenderData":true}
{"class":"TSStatic","persistentId":"36254359-8d0a-4bc9-9fe3-759268d19b12","__parent":"SimGroup_","position":[-437.012787,502.959869,239.830063],"isRenderEnabled":false,"rotationMatrix":[-0.0880851746,-0.995940208,0.0185651779,0.996113181,-0.0880738497,0.00142879784,0.00021210406,0.0186188687,0.99982661],"shapeName":"/levels/ms_s3/art/shapes/objects_hr/pole_metal1.dae","useInstanceRenderData":true}
{"class":"TSStatic","persistentId":"3764538d-d529-471d-8580-700e79335585","__parent":"SimGroup_","position":[-450.959106,498.581848,239.609512],"isRenderEnabled":false,"rotationMatrix":[0.115871906,0.993126333,0.0165401958,-0.992236555,0.116493225,-0.0435400382,-0.0451675802,-0.011366725,0.998914778],"shapeName":"/art/shapes/garage_and_dealership/Clutter/plastic_can_big.DAE","useInstanceRenderData":true}
{"class":"TSStatic","persistentId":"37eae30a-2828-4199-bc72-d2cde14df3b0","__parent":"SimGroup_","position":[-458.034424,-306.264496,41.0821571],"isRenderEnabled":false,"rotationMatrix":[0.569539309,0.821484089,-0.0280864052,-0.821963906,0.569231331,-0.0187351368,0.000597042963,0.0337564088,0.999429941],"shapeName":"/levels/ms_s3/art/shapes/buildings/italy_construction_site_net_folded.DAE","useInstanceRenderData":true}
{"class":"TSStatic","persistentId":"3977d8f7-d303-463b-b19e-dfc46471532d","__parent":"SimGroup_","position":[428.346527,-470.26767,189.212296],"isRenderEnabled":false,"rotationMatrix":[0.561104059,-0.827745318,0,0.827745318,0.561104059,0,0,0,1],"shapeName":"/levels/ms_s3/art/shapes/objects_hr/pole_metal1.dae","useInstanceRenderData":true}
{"class":"TSStatic","persistentId":"39f7208a-c7b3-4308-9bf7-10c2e446c4ac","__parent":"SimGroup_","position":[-232.069046,-276.727448,51.0152702],"isRenderEnabled":false,"rotationMatrix":[-0.924425006,-0.37855497,0.0461940244,0.378083199,-0.925578475,-0.0188930202,0.049908258,0,0.998753786],"shapeName":"/levels/ms_s3/art/shapes/buildings/italy_construction_site_net.DAE","useInstanceRenderData":true}
{"class":"TSStatic","persistentId":"3bc381fd-4b65-4708-b0fd-0bbad01b3664","__parent":"SimGroup_","position":[-238.76741,-279.781128,51.3499908],"isRenderEnabled":false,"rotationMatrix":[-0.571516871,-0.820092976,0.0285590086,0.819070995,-0.572229981,-0.0409294143,0.049908258,1.86264515e-09,0.998753786],"shapeName":"/levels/ms_s3/art/shapes/buildings/italy_construction_site_net.DAE","useInstanceRenderData":true}
{"class":"TSStatic","persistentId":"3c2cadf4-bede-44b8-b999-e7f984b2e9a1","__parent":"SimGroup_","position":[-450.947845,478.310944,237.809967],"isRenderEnabled":false,"rotationMatrix":[0.989163816,-0.146816,0,0.146816,0.989163816,0,0,0,1],"shapeName":"/art/shapes/garage_and_dealership/garage/s_garage_workbench_02.dae","useInstanceRenderData":true}
{"class":"TSStatic","persistentId":"3cf1d2ca-84f0-41d7-be09-e5e44d6efc03","__parent":"SimGroup_","position":[409.532288,-48.2234077,100.218826],"isRenderEnabled":false,"rotationMatrix":[-0.973078489,0.228690252,0.028623078,-0.229201451,-0.97324717,-0.0160314552,0.024191089,-0.022160314,0.99946171],"shapeName":"/levels/ms_s3/art/shapes/buildings/italy_construction_site_net_folded.DAE","useInstanceRenderData":true}
{"class":"TSStatic","persistentId":"3e72ec77-47c7-48a7-8d4f-6da9fb254a77","__parent":"SimGroup_","position":[-444.440582,503.716858,239.777374],"isRenderEnabled":false,"rotationMatrix":[-0.0431296825,-0.998453975,0.0350612178,0.99906826,-0.043156147,1.86264515e-09,0.00151310861,0.0350285545,0.999385178],"shapeName":"/levels/ms_s3/art/shapes/objects_hr/pole_metal1.dae","useInstanceRenderData":true}
{"class":"TSStatic","persistentId":"4108e8cb-8306-4508-9a77-07a5045186dd","__parent":"SimGroup_","position":[454.578125,-416.171326,182.094543],"collisionType":"None","decalType":"None","isRenderEnabled":false,"rotationMatrix":[0.99998194,-0.00600516982,1.87894329e-07,-1.89291313e-07,-2.38418579e-07,0.99999994,-0.00600516982,-0.99998194,-2.38418579e-07],"scale":[0.25034371,0.25034371,0.25034371],"shapeName":"/levels/ms_s3/art/shapes/buildings/charging_station_b.DAE","useInstanceRenderData":true}
{"class":"TSStatic","persistentId":"44055aa1-67b8-4fcd-ba62-df5986b9b237","__parent":"SimGroup_","position":[456.054749,-419.692657,184.390533],"isRenderEnabled":false,"rotationMatrix":[0.999475956,-0.0179634914,-0.0269274116,0.0179700069,0.999838531,-4.36557457e-11,0.0269230641,-0.000483885757,0.999637365],"shapeName":"/levels/ms_s3/art/shapes/objects_hr/gazebo_yellow.dae","useInstanceRenderData":true}
{"class":"TSStatic","persistentId":"44eb3480-83f3-4e89-9991-61938e95e1cf","__parent":"SimGroup_","position":[435.915985,-470.357727,188.800903],"isRenderEnabled":false,"rotationMatrix":[0.915405512,-0.402532876,0,0.402532876,0.915405512,0,0,0,1],"shapeName":"/art/shapes/garage_and_dealership/Clutter/plastic_can_small.DAE","useInstanceRenderData":true}
{"class":"TSStatic","persistentId":"4623519b-6e84-4562-9a29-48213d8fe47d","__parent":"SimGroup_","position":[419.130585,-39.2776527,100.185616],"isRenderEnabled":false,"rotationMatrix":[-0.33820045,0.940625966,0.0290416405,-0.940763175,-0.338720918,0.0152601479,0.0241911002,-0.0221603177,0.99946171],"shapeName":"/levels/ms_s3/art/shapes/buildings/italy_construction_site_net.DAE","useInstanceRenderData":true}
{"class":"TSStatic","persistentId":"475dd061-8793-4b79-a21b-3fc0f8a62231","__parent":"SimGroup_","position":[-443.855316,479.986572,237.9832],"isRenderEnabled":false,"rotationMatrix":[-0.063863039,-0.996592641,-0.0521944985,0.99793458,-0.0641360283,0.00357105583,-0.00690644421,-0.0518586487,0.998630524],"shapeName":"/art/shapes/objects/s_metal_fence.dae","useInstanceRenderData":true}
{"class":"TSStatic","persistentId":"48b721fd-0b24-402a-966d-5d6ed93624eb","__parent":"SimGroup_","position":[-394.483917,469.907898,236.987122],"isRenderEnabled":false,"rotationMatrix":[0.725221038,0.688477993,-0.0072372905,-0.688426256,0.724916697,-0.0237707309,-0.0111191943,0.0222213753,0.999691248],"shapeName":"/levels/ms_s3/art/shapes/race/race_rally_finish_checkpoint_yellow.dae","useInstanceRenderData":true}
{"class":"TSStatic","persistentId":"491a0c36-0018-4ce1-b6e5-840f40ea27c5","__parent":"SimGroup_","position":[-449.346039,480.455017,238.061935],"isRenderEnabled":false,"rotationMatrix":[-0.076885581,-0.996768355,-0.023265427,0.996966958,-0.0765769482,-0.0138767213,0.0120502803,-0.0242617838,0.999633014],"shapeName":"/art/shapes/objects/s_metal_fence.dae","useInstanceRenderData":true}
{"class":"TSStatic","persistentId":"4b251dbb-5aca-431c-b1a2-3edf6e9ead3c","__parent":"SimGroup_","position":[-229.656601,-277.133575,50.8947182],"isRenderEnabled":false,"rotationMatrix":[-0.984927773,0.165813252,0.0492173806,-0.165606603,-0.986156702,0.00827545114,0.0499082506,4.65661287e-10,0.998753786],"shapeName":"/levels/ms_s3/art/shapes/buildings/italy_construction_site_net.DAE","useInstanceRenderData":true}
{"class":"TSStatic","persistentId":"4e53e01b-fd8b-4e5d-b536-56eed3630f4f","__parent":"SimGroup_","position":[468.057983,-421.988892,179.962814],"isRenderEnabled":false,"rotationMatrix":[-0.0596320629,-0.998082638,0.0165799782,0.991464853,-0.0611493587,-0.115143277,0.115936376,0.00957223028,0.993210495],"shapeName":"/art/shapes/objects/s_metal_fence.dae","useInstanceRenderData":true}
{"class":"TSStatic","persistentId":"4ebbd215-8c00-4730-b054-167950b5eb19","__parent":"SimGroup_","position":[-362.500519,-275.345032,44.5982742],"isRenderEnabled":false,"rotationMatrix":[0.779696286,0.625689924,-0.0242030863,-0.625873268,0.77992475,4.65661287e-10,0.0188765842,0.015148066,0.999707043],"scale":[1.05222714,1,1],"shapeName":"/levels/ms_s3/art/shapes/buildings/italy_construction_site_net.DAE","useInstanceRenderData":true}
{"class":"TSStatic","persistentId":"4ed051d8-e9fb-437a-80b6-dbda9c502e1c","__parent":"SimGroup_","position":[-435.37381,496.84317,239.302963],"isRenderEnabled":false,"rotationMatrix":[0.915405512,-0.402532876,0,0.402532876,0.915405512,0,0,0,1],"shapeName":"/art/shapes/garage_and_dealership/Clutter/plastic_can_big.DAE","useInstanceRenderData":true}
{"class":"TSStatic","persistentId":"4fcbb0f0-f967-41c2-9d76-ef361de5dfa4","__parent":"SimGroup_","position":[-458.037476,-306.252991,41.0893288],"isRenderEnabled":false,"rotationMatrix":[-0.462449908,-0.886130691,0.0302059129,0.886645198,-0.462204337,0.0150815928,0.000597042032,0.0337564088,0.999429941],"scale":[1.11864662,1,1],"shapeName":"/levels/ms_s3/art/shapes/buildings/italy_construction_site_net.DAE","useInstanceRenderData":true}
{"class":"TSStatic","persistentId":"51eda302-6dcf-458a-a433-a6b9c13c13e8","__parent":"SimGroup_","position":[432.102234,-475.899323,188.788605],"isRenderEnabled":false,"rotationMatrix":[0.957451463,0.288594246,0,-0.288594246,0.957451463,0,0,0,1],"shapeName":"/art/shapes/garage_and_dealership/Clutter/clutter_workshop_toolbox.dae","useInstanceRenderData":true}
{"class":"TSStatic","persistentId":"5257d2b3-0438-4f88-adfd-b5405ad45529","__parent":"SimGroup_","position":[-440.220947,500.322937,242.42804],"isRenderEnabled":false,"rotationMatrix":[-0.0880851746,-0.995940208,0.0185651779,0.996113181,-0.0880738497,0.00142879784,0.00021210406,0.0186188687,0.99982661],"shapeName":"/levels/ms_s3/art/shapes/objects_hr/gazebo_white.dae","useInstanceRenderData":true}
{"class":"TSStatic","persistentId":"55cf420e-925f-4192-b5b6-99eda4c21ada","__parent":"SimGroup_","position":[420.317261,-423.220795,177.883911],"isRenderEnabled":false,"rotationMatrix":[-0.318408728,0.946969092,0.0431880839,-0.942675769,-0.31150651,-0.119691081,-0.099890396,-0.0788230672,0.991871357],"shapeName":"/levels/ms_s3/art/shapes/race/sign_finish.dae","useInstanceRenderData":true}
{"class":"TSStatic","persistentId":"5836a11d-d1d1-4e69-ac94-cc03c628a3c3","__parent":"SimGroup_","position":[-451.346375,486.453949,238.094284],"isRenderEnabled":false,"rotationMatrix":[0.213112354,0.976414084,0.0346222632,-0.9770118,0.213177264,0.00184958242,-0.00557472277,-0.0342205241,0.999398768],"shapeName":"/levels/ms_s3/art/shapes/race/race_rally_finish_checkpoint_red.dae","useInstanceRenderData":true}
{"class":"TSStatic","persistentId":"5855c093-0a7d-40a0-82c8-1a96fe1c15f7","__parent":"SimGroup_","position":[462.783295,-421.67514,180.534744],"isRenderEnabled":false,"rotationMatrix":[0.0178900957,-0.999830425,-0.00441203639,0.995242774,0.018230319,-0.0957074165,0.0957716107,-0.00267881528,0.995399714],"shapeName":"/art/shapes/objects/s_metal_fence.dae","useInstanceRenderData":true}
{"class":"TSStatic","persistentId":"58b39a8f-a9e7-46e1-ac2a-e123f55f775a","__parent":"SimGroup_","position":[-360.431915,-273.542053,44.5300674],"isRenderEnabled":false,"rotationMatrix":[0.999785006,0.0190390721,-0.00821327697,-0.019092977,0.999796331,-0.00653544487,0.0080871759,0.0066908556,0.999944925],"shapeName":"/levels/ms_s3/art/shapes/buildings/italy_construction_site_net_rolled.DAE","useInstanceRenderData":true}
{"class":"TSStatic","persistentId":"59613cba-be86-455d-93b7-16b3d2641ea2","__parent":"SimGroup_","position":[431.605103,-475.781067,189.212296],"isRenderEnabled":false,"rotationMatrix":[0.561104059,-0.827745318,0,0.827745318,0.561104059,0,0,0,1],"shapeName":"/levels/ms_s3/art/shapes/objects_hr/pole_metal1.dae","useInstanceRenderData":true}
{"class":"TSStatic","persistentId":"5ba3ad9f-002e-4e02-96b3-44d431f18ee3","__parent":"SimGroup_","position":[418.167664,-46.3040733,100.053123],"isRenderEnabled":false,"rotationMatrix":[0.419300079,0.907792926,0.0099790208,-0.90752542,0.418832958,0.0312523171,0.0241910852,-0.0221603177,0.99946171],"shapeName":"/levels/ms_s3/art/shapes/buildings/italy_construction_site_net.DAE","useInstanceRenderData":true}
{"class":"TSStatic","persistentId":"5cf2ae0a-30d9-45e0-8755-794b1e06145a","__parent":"SimGroup_","position":[454.601288,-422.665985,181.339661],"collisionType":"None","decalType":"None","isRenderEnabled":false,"rotationMatrix":[-0.00600504875,-0.999981821,0,0.999981821,-0.00600504875,0,0,0,1],"scale":[0.522900343,0.522900343,0.522900343],"shapeName":"/art/shapes/objects/s_standinglight_01.dae","useInstanceRenderData":true}
{"class":"TSStatic","persistentId":"5d66fab7-9efb-49b7-8154-e7dd5e6d7a37","__parent":"SimGroup_","position":[293.184021,225.684647,200.392349],"isRenderEnabled":false,"rotationMatrix":[-0.957189202,0.289352357,0.00801189337,-0.289375782,-0.955853105,-0.051055152,-0.0071147345,-0.0511878841,0.998663723],"shapeName":"/levels/ms_s3/art/shapes/buildings/italy_construction_site_net_folded.DAE","useInstanceRenderData":true}
{"class":"TSStatic","persistentId":"5e6fac0f-71fe-4bab-a1c0-79c320913e3e","__parent":"SimGroup_","position":[171.391754,253.681946,195.147202],"isRenderEnabled":false,"rotationMatrix":[0.452768087,-0.890506566,-0.0447077006,0.891397893,0.453221262,0,0.0202624723,-0.0398523621,0.999000132],"shapeName":"/levels/ms_s3/art/shapes/race/sign_checkpoint.dae","useInstanceRenderData":true}
{"class":"TSStatic","persistentId":"5f4983e4-82cf-41e4-8125-c336714b0dc2","__parent":"SimGroup_","position":[-451.272461,477.014099,240.916733],"isRenderEnabled":false,"rotationMatrix":[0.995110869,-0.0987639204,0,0.0987639204,0.995110869,0,0,0,1],"shapeName":"/levels/ms_s3/art/shapes/objects_hr/gazebo_striped_red.dae","useInstanceRenderData":true}
{"class":"TSStatic","persistentId":"60b2a8cb-9172-47c4-a6a8-69c0ef6ba5bb","__parent":"SimGroup_","position":[430.814392,-479.889465,191.760056],"isRenderEnabled":false,"rotationMatrix":[0.561104059,-0.827745318,0,0.827745318,0.561104059,0,0,0,1],"shapeName":"/levels/ms_s3/art/shapes/objects_hr/gazebo_black.dae","useInstanceRenderData":true}
{"class":"TSStatic","persistentId":"628c583c-af13-437f-8454-b2c8a92f1ad9","__parent":"SimGroup_","position":[295.67041,225.725571,200.415543],"isRenderEnabled":false,"rotationMatrix":[0.946803629,0.320974678,0.0231972728,-0.321733207,0.945703447,0.0461812168,-0.00711473823,-0.0511878803,0.998663723],"shapeName":"/levels/ms_s3/art/shapes/buildings/italy_construction_site_net.DAE","useInstanceRenderData":true}
{"class":"TSStatic","persistentId":"6306e187-d3cd-4f9b-9e80-c7f09a99f957","__parent":"SimGroup_","position":[-442.905426,503.477905,239.821655],"isRenderEnabled":false,"rotationMatrix":[-0.0880851746,-0.995940208,0.0185651779,0.996113181,-0.0880738497,0.00142879784,0.00021210406,0.0186188687,0.99982661],"shapeName":"/levels/ms_s3/art/shapes/objects_hr/pole_metal1.dae","useInstanceRenderData":true}
{"class":"TSStatic","persistentId":"67664a44-5588-4f8c-8950-d47149dfb97f","__parent":"SimGroup_","position":[-450.522156,477.336334,237.815262],"isRenderEnabled":false,"rotationMatrix":[-0.998552561,0.0537906289,0,-0.0537906289,-0.998552561,0,0,0,1],"scale":[1.08046865,1.08046865,1.08046865],"shapeName":"/levels/ms_s3/art/shapes/buildings/italy_clutter_plastic_chair_a.DAE","useInstanceRenderData":true}
{"class":"TSStatic","persistentId":"6777128d-fbc5-41ea-8b5c-8d677050cb11","__parent":"SimGroup_","position":[-444.498688,503.890686,239.484818],"isRenderEnabled":false,"rotationMatrix":[0.915405512,-0.402532876,0,0.402532876,0.915405512,0,0,0,1],"shapeName":"/art/shapes/garage_and_dealership/Clutter/clutter_workshop_white_bottle.dae","useInstanceRenderData":true}
{"class":"TSStatic","persistentId":"6846f1ca-88dd-4062-b04e-b1bb2f0611ad","__parent":"SimGroup_","position":[456.353729,-416.268005,181.262039],"isRenderEnabled":false,"rotationMatrix":[0.707106829,0.707106769,0,-0.707106769,0.707106829,0,0,0,1],"shapeName":"/levels/ms_s3/art/shapes/buildings/si_drum.DAE","useInstanceRenderData":true}
{"class":"TSStatic","persistentId":"6a02f121-2c74-4964-ab23-573207be8451","__parent":"SimGroup_","position":[-452.042389,480.810394,238.030807],"isRenderEnabled":false,"rotationMatrix":[0.0390672088,0.996051967,0.0797122568,-0.999231637,0.0391919017,-3.7252903e-09,-0.00312407687,-0.079651013,0.996817887],"shapeName":"/levels/ms_s3/art/shapes/race/race_rally_finish_checkpoint_red.dae","useInstanceRenderData":true}
{"class":"TSStatic","persistentId":"6a3f83f1-e8f7-4e65-b194-d13a49622baf","__parent":"SimGroup_","position":[-433.750397,496.570068,239.665192],"isRenderEnabled":false,"rotationMatrix":[-0.998442888,-0.0371273383,0.0416333675,0.0371595547,-0.999309301,5.82076609e-11,0.0416046157,0.00154707767,0.999132931],"shapeName":"/art/shapes/garage_and_dealership/Clutter/clutter_workshop_toolbox.dae","useInstanceRenderData":true}
{"class":"TSStatic","persistentId":"6b394baf-bd5b-4867-b58f-12a28913cbca","__parent":"SimGroup_","position":[455.034119,-422.790039,181.252319],"isRenderEnabled":false,"rotationMatrix":[-0.196487427,0.980022967,-0.0307793915,-0.980487525,-0.196580529,3.7252903e-09,-0.00605062861,0.0301788133,0.999526203],"shapeName":"/levels/ms_s3/art/shapes/race/race_rally_finish_checkpoint_red.dae","useInstanceRenderData":true}
{"class":"TSStatic","persistentId":"6d080b3e-d986-4507-8758-0310d3c2ef68","__parent":"SimGroup_","position":[-451.45163,-178.306458,28.063139],"isRenderEnabled":false,"rotationMatrix":[-0.988214016,-0.151099548,-0.0245227888,0.151144996,-0.988511324,0,-0.02424106,-0.00370649714,0.999699295],"shapeName":"/levels/ms_s3/art/shapes/buildings/italy_construction_site_net.DAE","useInstanceRenderData":true}
{"class":"TSStatic","persistentId":"6db98fa4-8b81-4902-96d6-e4ec8a27476d","__parent":"SimGroup_","position":[426.366821,-479.123993,188.79982],"isRenderEnabled":false,"rotationMatrix":[0.540061235,-0.84162569,0,0.84162569,0.540061235,0,0,0,1],"shapeName":"/art/shapes/garage_and_dealership/Clutter/clutter_workshop_green_can.dae","useInstanceRenderData":true}
{"class":"TSStatic","persistentId":"6e06d74f-a713-4f79-b545-96c5f9b8ddb2","__parent":"SimGroup_","position":[438.740234,-474.566956,188.788605],"isRenderEnabled":false,"rotationMatrix":[0.311502099,-0.95024544,0,0.95024544,0.311502099,0,0,0,1],"shapeName":"/art/shapes/garage_and_dealership/Clutter/clutter_workshop_toolbox.dae","useInstanceRenderData":true}
{"class":"TSStatic","persistentId":"6e6811fd-297d-4b7b-9c00-6d8845e8dd4d","__parent":"SimGroup_","position":[-460.18573,-175.129059,27.7130909],"isRenderEnabled":false,"rotationMatrix":[-0.549872041,0.835248768,0,-0.835248768,-0.549872041,0,0,0,1],"shapeName":"/levels/ms_s3/art/shapes/buildings/italy_construction_site_net.DAE","useInstanceRenderData":true}
{"class":"TSStatic","persistentId":"6e7408ac-4736-4d72-a6b7-1cc43fe0a232","__parent":"SimGroup_","position":[-459.282654,-308.639374,41.1706772],"isRenderEnabled":false,"rotationMatrix":[-0.344677925,-0.938178718,0.0318935141,0.938720524,-0.344500542,0.011074964,0.0005970411,0.0337564014,0.999429941],"scale":[1.11864662,1,1],"shapeName":"/levels/ms_s3/art/shapes/buildings/italy_construction_site_net.DAE","useInstanceRenderData":true}
{"class":"TSStatic","persistentId":"6eba55ec-5ead-4cad-a0e6-25edcaa590e4","__parent":"SimGroup_","position":[432.450562,-471.054474,191.760056],"isRenderEnabled":false,"rotationMatrix":[0.561104059,-0.827745318,0,0.827745318,0.561104059,0,0,0,1],"shapeName":"/levels/ms_s3/art/shapes/objects_hr/gazebo_red.dae","useInstanceRenderData":true}
{"class":"TSStatic","persistentId":"6f16f2d4-7785-4468-8f3d-9195a687f0da","__parent":"SimGroup_","position":[434.476501,-480.622314,188.798996],"isRenderEnabled":false,"rotationMatrix":[0.915405512,-0.402532876,0,0.402532876,0.915405512,0,0,0,1],"shapeName":"/art/shapes/garage_and_dealership/Clutter/plastic_can_big.DAE","useInstanceRenderData":true}
{"class":"TSStatic","persistentId":"70316eab-766f-48c5-a601-19e33acd504e","__parent":"SimGroup_","position":[-371.394897,-280.619354,44.846138],"isRenderEnabled":false,"rotationMatrix":[0.897736073,0.43990013,-0.0236167461,-0.440129012,0.89791894,-0.00529515091,0.0188765861,0.0151480651,0.999707043],"scale":[1.05222714,1,1],"shapeName":"/levels/ms_s3/art/shapes/buildings/italy_construction_site_net.DAE","useInstanceRenderData":true}
{"class":"TSStatic","persistentId":"72032dc4-eee0-48e5-bed3-0899d87560ac","__parent":"SimGroup_","position":[431.693176,-476.087952,188.79982],"isRenderEnabled":false,"rotationMatrix":[0.168314338,-0.985733211,0,0.985733211,0.168314338,0,0,0,1],"shapeName":"/art/shapes/garage_and_dealership/Clutter/clutter_workshop_green_can.dae","useInstanceRenderData":true}
{"class":"TSStatic","persistentId":"790b8095-fc80-4553-b506-72b248d5697d","__parent":"SimGroup_","position":[-436.724701,502.973419,239.443481],"isRenderEnabled":false,"rotationMatrix":[0.915405512,-0.402532876,0,0.402532876,0.915405512,0,0,0,1],"shapeName":"/art/shapes/garage_and_dealership/Clutter/clutter_workshop_green_can.dae","useInstanceRenderData":true}
{"class":"TSStatic","persistentId":"796d52e1-19c3-40c8-a996-4b88be60ad44","__parent":"SimGroup_","position":[436.038879,-476.347961,191.760056],"isRenderEnabled":false,"rotationMatrix":[0.561104059,-0.827745318,0,0.827745318,0.561104059,0,0,0,1],"shapeName":"/levels/ms_s3/art/shapes/objects_hr/gazebo_white.dae","useInstanceRenderData":true}
{"class":"TSStatic","persistentId":"7c3e0c7d-2ff7-4226-b89e-3aafdc357636","__parent":"SimGroup_","position":[-460.236969,-311.132263,41.2554436],"isRenderEnabled":false,"rotationMatrix":[-0.344677925,-0.938178718,0.0318935141,0.938720524,-0.344500542,0.011074964,0.0005970411,0.0337564014,0.999429941],"scale":[1.11864662,1,1],"shapeName":"/levels/ms_s3/art/shapes/buildings/italy_construction_site_net.DAE","useInstanceRenderData":true}
{"class":"TSStatic","persistentId":"7ed272d7-a0c7-4e02-882d-f60e80ba7257","__parent":"SimGroup_","position":[-389.073547,474.033112,237.047058],"isRenderEnabled":false,"rotationMatrix":[0.879885972,0.471152335,0.0617747083,-0.472053915,0.881569684,-1.86264515e-09,-0.0544587076,-0.0291609932,0.998090148],"shapeName":"/levels/ms_s3/art/shapes/race/race_rally_finish_checkpoint_yellow.dae","useInstanceRenderData":true}
{"class":"TSStatic","persistentId":"7fd45a8f-e317-4586-bd7d-decf9ed273a6","__parent":"SimGroup_","position":[419.483856,-41.6970825,100.123421],"isRenderEnabled":false,"rotationMatrix":[-0.144431353,0.989188015,0.0254283566,-0.98921901,-0.144968748,0.0207288861,0.0241910834,-0.022160314,0.99946171],"shapeName":"/levels/ms_s3/art/shapes/buildings/italy_construction_site_net.DAE","useInstanceRenderData":true}
{"class":"TSStatic","persistentId":"811bf190-1596-4639-bef1-62b389e040ed","__parent":"SimGroup_","position":[-366.870575,-278.175842,44.7236862],"isRenderEnabled":false,"rotationMatrix":[0.869435549,0.493468136,-0.0238940641,-0.493685514,0.869631946,-0.00385527406,0.0188765861,0.0151480669,0.999707043],"scale":[1.05222714,1,1],"shapeName":"/levels/ms_s3/art/shapes/buildings/italy_construction_site_net.DAE","useInstanceRenderData":true}
{"class":"TSStatic","persistentId":"81ab82ef-6369-45cf-9004-784c66f8d315","__parent":"SimGroup_","position":[456.670441,-416.53952,181.187485],"isRenderEnabled":false,"rotationMatrix":[0.76109314,0.64864254,7.4505806e-09,-0.64025259,0.751248717,-0.16031827,-0.103989273,0.12201713,0.987065375],"shapeName":"/art/shapes/garage_and_dealership/Clutter/clutter_workshop_fire_extinguisher.dae","useInstanceRenderData":true}
{"class":"TSStatic","persistentId":"8300a0ac-cf3c-4fe7-91dd-22a5d2a42ce4","__parent":"SimGroup_","position":[433.241272,-466.946075,189.212296],"isRenderEnabled":false,"rotationMatrix":[0.561104059,-0.827745318,0,0.827745318,0.561104059,0,0,0,1],"shapeName":"/levels/ms_s3/art/shapes/objects_hr/pole_metal1.dae","useInstanceRenderData":true}
{"class":"TSStatic","persistentId":"8458bc2e-df64-4bd8-bd65-f5e6d136b12c","__parent":"SimGroup_","position":[428.863617,-469.796387,188.799057],"isRenderEnabled":false,"rotationMatrix":[0.915405512,-0.402532876,0,0.402532876,0.915405512,0,0,0,1],"shapeName":"/art/shapes/garage_and_dealership/garage/s_small_toolbox_02.dae","useInstanceRenderData":true}
{"class":"TSStatic","persistentId":"850e70d3-4113-46f0-850c-4752e7f6f056","__parent":"SimGroup_","position":[-234.358063,-277.664795,51.1296539],"isRenderEnabled":false,"rotationMatrix":[-0.942029834,-0.332210124,0.0470737368,0.33179611,-0.943205237,-0.0165800303,0.049908258,-9.31322575e-10,0.998753786],"shapeName":"/levels/ms_s3/art/shapes/buildings/italy_construction_site_net.DAE","useInstanceRenderData":true}
{"class":"TSStatic","persistentId":"853671dc-9cac-4556-8f9e-9ff1785d28a1","__parent":"SimGroup_","position":[-443.425079,497.602753,239.931183],"isRenderEnabled":false,"rotationMatrix":[-0.0880851746,-0.995940208,0.0185651779,0.996113181,-0.0880738497,0.00142879784,0.00021210406,0.0186188687,0.99982661],"shapeName":"/levels/ms_s3/art/shapes/objects_hr/pole_metal1.dae","useInstanceRenderData":true}
{"class":"TSStatic","persistentId":"854f8056-97e5-4d88-bad1-01df90665e6a","__parent":"SimGroup_","position":[-452.607941,480.729218,238.884109],"collisionType":"None","decalType":"None","isRenderEnabled":false,"rotationMatrix":[-0.992561221,0.121747829,2.04890966e-07,1.71363354e-07,-3.57627869e-07,1.00000012,0.121747822,0.992561162,1.1920929e-07],"scale":[0.25034371,0.25034371,0.25034371],"shapeName":"/levels/ms_s3/art/shapes/buildings/charging_station_b.DAE","useInstanceRenderData":true}
{"class":"TSStatic","persistentId":"85e1e53d-6142-41de-a988-8c812b94f2e2","__parent":"SimGroup_","position":[-443.184113,498.251617,239.549438],"isRenderEnabled":false,"rotationMatrix":[-0.95105052,0.308949769,-0.00724222232,-0.309031069,-0.950666189,0.0270760171,0.00148019264,0.0279887393,0.999607146],"shapeName":"/art/shapes/garage_and_dealership/Clutter/clutter_workshop_green_can.dae","useInstanceRenderData":true}
{"class":"TSStatic","persistentId":"86f9467b-c910-41f4-b953-47e74ff6e1ab","__parent":"SimGroup_","position":[-456.25058,-178.120285,27.8493137],"isRenderEnabled":false,"rotationMatrix":[-0.876802921,0.479122967,-0.0407156497,-0.479520589,-0.877530575,0,-0.0357292295,0.0195239913,0.99917078],"shapeName":"/levels/ms_s3/art/shapes/buildings/italy_construction_site_net.DAE","useInstanceRenderData":true}
{"class":"TSStatic","persistentId":"881a6595-5bce-46b4-9b8b-f40dbbee0b2e","__parent":"SimGroup_","position":[-443.293427,497.830688,239.581345],"isRenderEnabled":false,"rotationMatrix":[0.939387679,0.342856854,0,-0.342856854,0.939387679,0,0,0,1],"shapeName":"/art/shapes/garage_and_dealership/Clutter/clutter_workshop_green_can.dae","useInstanceRenderData":true}
