{"class":"DecalRoad","persistentId":"054fe69f-1b5b-4da7-83ba-f10310615f34","__parent":"SimGroup_","position":[-354.271515,-191.033524,27.1369877],"improvedSpline":true,"material":"track_rubber","nodes":[[-354.271515,-191.033524,27.1369877,4],[-348.029327,-196.780777,26.7168312,4],[-342.283081,-192.713608,26.2462177,4],[-350.1297,-174.001389,25.7009506,4]],"startEndFade":[15,15],"textureLength":20}
{"class":"DecalRoad","persistentId":"14a18037-8810-4900-87c4-94bf72279851","__parent":"SimGroup_","position":[-456.621277,-118.615753,37.2038956],"improvedSpline":true,"material":"track_rubber","nodes":[[-456.621277,-118.615753,37.2038956,4],[-455.149506,-104.493492,35.7146873,4],[-449.128601,-101.545326,35.1316414,4],[-442.686646,-110.720779,34.7398033,4]],"startEndFade":[15,15],"textureLength":20}
{"class":"DecalRoad","persistentId":"1ba8939c-1957-483d-852a-cd9616b4b452","__parent":"SimGroup_","position":[-352.051788,-260.525726,27.9528942],"decalBias":0.00100000005,"improvedSpline":true,"material":"track_rubber","nodes":[[-352.051788,-260.525726,27.9528942,4],[-363.962982,-253.555176,28.7053852,4],[-366.419617,-246.286102,28.5768204,4],[-365.004333,-236.227524,27.9968567,4],[-368.454956,-219.772324,27.3599148,4]],"overObjects":true,"startEndFade":[15,15],"textureLength":20}
{"class":"DecalRoad","persistentId":"1c0a92bb-0a5b-4bcb-b961-814b5fa28342","__parent":"SimGroup_","position":[-445.152466,-71.3456879,32.1382141],"improvedSpline":true,"material":"track_rubber","nodes":[[-445.152466,-71.3456879,32.1382141,4],[-427.642059,-48.4900665,31.0058594,4]],"startEndFade":[15,1],"textureLength":20}
{"class":"DecalRoad","persistentId":"1c65a5d1-47f5-418f-8858-c0b40fb8036a","__parent":"SimGroup_","position":[-370.763458,-193.218079,27.1956062],"improvedSpline":true,"material":"track_rubber","nodes":[[-370.763458,-193.218079,27.1956062,4],[-364.780823,-187.190689,27.3637714,4],[-356.899689,-188.185913,27.3544617,4],[-350.862,-194.3936,26.9028072,4]],"startEndFade":[15,15],"textureLength":20}
{"class":"DecalRoad","persistentId":"25c69b78-c3d8-49fd-bf56-0fbf0b7b0d0a","__parent":"SimGroup_","position":[-497.947327,-148.635437,48.7709007],"improvedSpline":true,"material":"track_rubber","nodes":[[-497.947327,-148.635437,48.7709007,4],[-496.149445,-130.991486,48.8179474,4],[-486.292511,-115.238091,44.423954,4]],"startEndFade":[15,15],"textureLength":20}
{"class":"DecalRoad","persistentId":"3beceb11-b75a-438c-a537-d71ba7299f86","__parent":"SimGroup_","position":[-347.254852,-175.158966,25.742281],"improvedSpline":true,"material":"track_rubber","nodes":[[-347.254852,-175.158966,25.742281,4],[-356.976471,-153.315582,24.8341236,4],[-348.725342,-150.45253,24.0927582,4],[-334.030792,-163.524582,22.9496822,4]],"startEndFade":[15,15],"textureLength":20}
{"class":"DecalRoad","persistentId":"3ea15135-5c95-4390-aef1-19be082a05b5","__parent":"SimGroup_","position":[-346.586151,-298.492188,29.1138287],"improvedSpline":true,"material":"track_rubber","nodes":[[-346.586151,-298.492188,29.1138287,4],[-346.92041,-281.414551,28.826252,4],[-341.341949,-266.314606,27.5871601,4],[-354.222046,-258.880798,27.9770374,4]],"startEndFade":[15,15],"textureLength":20}
{"class":"DecalRoad","persistentId":"4898e883-829b-4725-ab75-722ed466deab","__parent":"SimGroup_","position":[-487.911438,-186.559631,46.5940666],"improvedSpline":true,"material":"track_rubber","nodes":[[-487.911438,-186.559631,46.5940666,4],[-486.843506,-200.043198,45.9606018,4],[-479.458344,-204.364838,45.3737068,4],[-467.80368,-184.058334,42.6182098,4]],"startEndFade":[20,20],"textureLength":20}
{"class":"DecalRoad","persistentId":"4cc3de9d-d1c4-4648-91c9-0758d4546e3b","__parent":"SimGroup_","position":[56.6619148,-402.246826,18.6298943],"improvedSpline":true,"material":"track_rubber","nodes":[[56.6619148,-402.246826,18.6298943,4],[52.7637215,-413.552765,17.9540119,4],[47.1372948,-414.756714,18.0173702,4],[41.4224319,-400.761108,17.9148102,4]],"startEndFade":[15,15],"textureLength":20}
{"class":"DecalRoad","persistentId":"50008981-5ccc-4dfa-be2a-40418f9b5380","__parent":"SimGroup_","position":[-488.725006,-180.707489,46.8157425],"improvedSpline":true,"material":"track_rubber","nodes":[[-488.725006,-180.707489,46.8157425,4],[-486.174194,-203.226715,45.7446404,4],[-477.826202,-201.908524,45.0893211,4],[-468.606659,-185.290375,42.8066826,4]],"startEndFade":[20,20],"textureLength":20}
{"class":"DecalRoad","persistentId":"51dbd23d-37e2-4a4a-947e-55221c3fd716","__parent":"SimGroup_","position":[-320.384399,-178.052536,21.550518],"improvedSpline":true,"material":"track_rubber","nodes":[[-320.384399,-178.052536,21.550518,4],[-300.243073,-188.186905,20.8686237,4],[-278.087097,-195.360962,19.5809536,4]],"startEndFade":[20,20],"textureLength":20}
{"class":"DecalRoad","persistentId":"55287434-1c8b-428c-8860-c81e5bbbf4f5","__parent":"SimGroup_","position":[-391.804474,-285.459045,34.988102],"improvedSpline":true,"material":"track_rubber","nodes":[[-391.804474,-285.459045,34.988102,4],[-406.872284,-273.624084,35.2207603,4],[-403.603119,-255.277359,34.8270454,4]],"startEndFade":[15,15],"textureLength":20}
{"class":"DecalRoad","persistentId":"587422fa-cc1b-4681-a40c-992d745f6f86","__parent":"SimGroup_","position":[-490.337402,-121.933823,46.2690125],"improvedSpline":true,"material":"track_rubber","nodes":[[-490.337402,-121.933823,46.2690125,4],[-481.826416,-112.529488,43.3419113,4],[-476.331635,-102.130768,40.4599342,4],[-465.264984,-91.5147018,37.0309753,4]],"startEndFade":[15,15],"textureLength":20}
{"class":"DecalRoad","persistentId":"6d83a29e-a2de-4acd-b5a6-d35b5c2ac3ae","__parent":"SimGroup_","position":[-351.08078,-168.392776,25.5540638],"improvedSpline":true,"material":"track_rubber","nodes":[[-351.08078,-168.392776,25.5540638,4],[-355.99704,-154.403122,24.9065876,4],[-350.051971,-147.991928,24.1981583,4],[-331.992798,-166.054855,22.6272793,4]],"startEndFade":[15,15],"textureLength":20}
{"class":"DecalRoad","persistentId":"767129c0-1650-4262-9e3f-8308f9ff7ec6","__parent":"SimGroup_","position":[-349.593567,-169.705917,25.6021442],"improvedSpline":true,"material":"track_rubber","nodes":[[-349.593567,-169.705917,25.6021442,4],[-355.392487,-155.402054,24.9895267,4],[-348.395935,-150.761688,24.0729103,4],[-336.689911,-160.101852,23.3871899,4]],"startEndFade":[15,15],"textureLength":20}
{"class":"DecalRoad","persistentId":"95318672-4200-4945-9557-b43c19b061a8","__parent":"SimGroup_","position":[-439.759705,-61.583828,31.1440163],"improvedSpline":true,"material":"track_rubber","nodes":[[-439.759705,-61.583828,31.1440163,4],[-428.460022,-47.4277153,31.0058594,4]],"startEndFade":[15,1],"textureLength":20}
{"class":"DecalRoad","persistentId":"9987eb00-1c22-41ff-8900-b65b8d77ec2d","__parent":"SimGroup_","position":[-487.857147,-192.068298,46.3566666],"improvedSpline":true,"material":"track_rubber","nodes":[[-487.857147,-192.068298,46.3566666,4],[-486.395813,-204.897095,45.653759,4],[-479.933655,-206.114151,45.4238892,4],[-472.651855,-192.646851,43.7720146,4]],"startEndFade":[20,20],"textureLength":20}
{"class":"DecalRoad","persistentId":"9b3ba54c-d3ab-42bd-a9fd-f2d8f8a2ace2","__parent":"SimGroup_","position":[-466.143494,-90.8111038,37.0206108],"improvedSpline":true,"material":"track_rubber","nodes":[[-466.143494,-90.8111038,37.0206108,4],[-457.994812,-82.9780807,34.7409668,4],[-448.558716,-78.3195267,32.739563,4],[-438.216156,-60.9304199,31.0687637,4]],"startEndFade":[15,15],"textureLength":20}
{"class":"DecalRoad","persistentId":"9e68a612-0e46-4c4f-9bd1-306ba7b43e57","__parent":"SimGroup_","position":[59.0080872,-398.085876,18.7896614],"improvedSpline":true,"material":"track_rubber","nodes":[[59.0080872,-398.085876,18.7896614,4],[53.8290329,-409.813385,18.1288776,4],[46.9452209,-412.608521,17.9404831,4],[41.3430328,-401.271912,17.9184647,4]],"startEndFade":[15,15],"textureLength":20}
{"class":"DecalRoad","persistentId":"a12d7d66-1c3e-4936-9e46-0cc20c845da2","__parent":"SimGroup_","position":[-359.568359,-186.847778,27.4085159],"improvedSpline":true,"material":"track_rubber","nodes":[[-359.568359,-186.847778,27.4085159,4],[-348.957001,-195.461136,26.7985783,4],[-342.355408,-191.602692,26.1988468,4],[-348.646851,-175.686935,25.7471867,4]],"startEndFade":[15,15],"textureLength":20}
{"class":"DecalRoad","persistentId":"a479fc96-2522-4fc1-9d55-a8da968b5ddb","__parent":"SimGroup_","position":[-20.8985367,-326.566254,16.0132561],"improvedSpline":true,"material":"track_rubber","nodes":[[-20.8985367,-326.566254,16.0132561,4],[-31.6674175,-317.42511,16.4494534,4],[-26.7380295,-308.703461,17.1598396,4],[-12.1356754,-307.69577,17.7735291,4]],"startEndFade":[15,15],"textureLength":20}
{"class":"DecalRoad","persistentId":"b97f453f-1f71-4e85-a91d-aa2a179e8075","__parent":"SimGroup_","position":[-374.908875,-198.572769,27.3511658],"improvedSpline":true,"material":"track_rubber","nodes":[[-374.908875,-198.572769,27.3511658,4],[-359.927246,-186.340424,27.4240932,4],[-348.73822,-195.382782,26.7838211,4],[-343.571106,-187.459686,26.0291748,4],[-350.029053,-170.862457,25.626564,4]],"startEndFade":[15,15],"textureLength":20}
{"class":"DecalRoad","persistentId":"b9925eff-e6fb-4fa8-adeb-49ca2e89331b","__parent":"SimGroup_","position":[-457.242065,-121.44455,37.4034004],"improvedSpline":true,"material":"track_rubber","nodes":[[-457.242065,-121.44455,37.4034004,4],[-455.998322,-106.521393,36.021122,4],[-447.443573,-103.208275,35.1319351,4],[-439.187836,-117.649803,33.6581154,4]],"startEndFade":[15,15],"textureLength":20}
{"class":"DecalRoad","persistentId":"bd3a8892-9518-4313-9501-df2a24ceb27b","__parent":"SimGroup_","position":[-342.838593,-329.773651,31.1093502],"improvedSpline":true,"material":"track_rubber","nodes":[[-342.838593,-329.773651,31.1093502,4],[-356.770813,-331.780212,33.1717377,4],[-366.21106,-320.572327,33.517807,4],[-379.056091,-300.650391,34.2957726,4]],"startEndFade":[15,15],"textureLength":20}
{"class":"DecalRoad","persistentId":"c4574b29-e13d-4b73-9d28-3b8398fe896a","__parent":"SimGroup_","position":[-457.029449,-119.075821,37.2368088],"improvedSpline":true,"material":"track_rubber","nodes":[[-457.029449,-119.075821,37.2368088,4],[-456.184052,-103.575874,35.641964,4],[-447.983337,-103.953453,35.1320114,4],[-440.885437,-113.768524,34.2841263,4]],"startEndFade":[15,15],"textureLength":20}
{"class":"DecalRoad","persistentId":"d66efe3d-5020-4d8b-a8b6-7de8aa95e2e1","__parent":"SimGroup_","position":[-468.007385,-187.218079,42.957489],"improvedSpline":true,"material":"track_rubber","nodes":[[-468.007385,-187.218079,42.957489,4],[-459.182373,-173.113235,39.9759521,4],[-452.577942,-162.608917,38.394104,4],[-457.065857,-140.810654,38.2551651,4]],"startEndFade":[20,20],"textureLength":20}
{"class":"DecalRoad","persistentId":"dc584961-2e24-4ec0-8f97-9e4805b8facf","__parent":"SimGroup_","position":[-347.967377,-283.387024,28.9016666],"improvedSpline":true,"material":"track_rubber","nodes":[[-347.967377,-283.387024,28.9016666,4],[-343.262054,-268.184845,27.6593151,4],[-351.701935,-258.381287,27.9555645,4]],"startEndFade":[15,15],"textureLength":20}
{"class":"DecalRoad","persistentId":"ee3a0f0d-c2c2-40db-ad62-2dd939a59dc9","__parent":"SimGroup_","position":[-436.843109,-60.4835243,31.0376968],"improvedSpline":true,"material":"track_rubber","nodes":[[-436.843109,-60.4835243,31.0376968,4],[-427.796661,-49.1281319,31.0058594,4]],"startEndFade":[15,1],"textureLength":20}
{"class":"DecalRoad","persistentId":"f20a84ca-8e35-4663-87e3-42d17cdf6bc2","__parent":"SimGroup_","position":[-430.490631,-47.0325317,31.0058594],"improvedSpline":true,"material":"track_rubber","nodes":[[-430.490631,-47.0325317,31.0058594,4],[-440.471405,-61.2326736,31.1190376,4]],"startEndFade":[1,15],"textureLength":20}
{"class":"DecalRoad","persistentId":"f834b23f-174c-4dc0-918d-452523d0aedd","__parent":"SimGroup_","position":[-340.715454,-304.622314,29.3073387],"improvedSpline":true,"material":"track_rubber","nodes":[[-340.715454,-304.622314,29.3073387,4],[-338.960815,-316.833679,29.5970325,4],[-342.634399,-326.770081,30.8154316,4],[-352.492004,-334.599762,32.9211082,4]],"startEndFade":[15,15],"textureLength":20}
{"name":"SimGroup_","class":"SimGroup","persistentId":"cc1b036b-bf55-40a2-91c5-4e4f4722051d","groupPosition":"0 0 0"}
{"class":"TSStatic","persistentId":"0039e21d-f2b4-4ec9-8e0b-28ef6738186c","__parent":"SimGroup_","position":[122.488556,101.100311,16.7368622],"isRenderEnabled":false,"rotationMatrix":[0.718786955,-0.695230365,0,0.695230365,0.718786955,0,0,0,1],"shapeName":"/levels/ms_s2/art/shapes/buildings/italy_construction_site_net.DAE","useInstanceRenderData":true}
{"class":"TSStatic","persistentId":"019522c9-bbcf-4961-bd1c-0081e59b2831","__parent":"SimGroup_","position":[-460.657593,269.984253,23.2308655],"isRenderEnabled":false,"rotationMatrix":[-0.86906004,-0.494706184,0,0.494706184,-0.86906004,0,0,0,1],"shapeName":"/levels/ms_s2/art/shapes/objects_hr/pole_metal1.dae","useInstanceRenderData":true}
{"class":"TSStatic","persistentId":"01f74fe4-0263-4996-941f-8e4b01f19bfb","__parent":"SimGroup_","position":[-408.844635,308.740112,19.3550167],"isRenderEnabled":false,"rotationMatrix":[0.415138602,0.909758091,0,-0.909758091,0.415138602,0,0,0,1],"shapeName":"/levels/ms_s2/art/shapes/buildings/italy_construction_site_net.DAE","useInstanceRenderData":true}
{"class":"TSStatic","persistentId":"021d0575-a562-4376-8499-343ab0bb0a92","__parent":"SimGroup_","position":[-139.144257,-216.622162,17.0307465],"isRenderEnabled":false,"rotationMatrix":[-0.947418213,0.319997311,0,-0.319997311,-0.947418213,0,0,0,1],"shapeName":"/levels/ms_s2/art/shapes/buildings/italy_construction_site_net.DAE","useInstanceRenderData":true}
{"class":"TSStatic","persistentId":"0397aac5-5c91-4ad5-819b-1e9488282831","__parent":"SimGroup_","position":[-459.740906,276.610504,22.7277794],"isRenderEnabled":false,"rotationMatrix":[-0.254058361,0.967188895,0,-0.967188895,-0.254058361,0,0,0,1],"scale":[1.08046865,1.08046865,1.08046865],"shapeName":"/levels/ms_s2/art/shapes/buildings/italy_clutter_plastic_chair_a.DAE","useInstanceRenderData":true}
{"class":"TSStatic","persistentId":"0406b4a4-6eab-4539-a5f0-9fd2e0ff0ea9","__parent":"SimGroup_","position":[-338.185608,-265.346069,28.4014492],"isRenderEnabled":false,"rotationMatrix":[0.627003193,-0.778205037,-0.0355501585,0.778411388,0.627661824,-0.0107777957,0.030700814,-0.0209149402,0.999309778],"scale":[0.5,0.5,0.5],"shapeName":"/levels/ms_s2/art/shapes/race/sign_arrows.dae","useInstanceRenderData":true}
{"class":"TSStatic","persistentId":"041fa10d-14a4-4020-9ce2-6af23c674fa1","__parent":"SimGroup_","position":[41.5214806,-410.050903,17.5854321],"isRenderEnabled":false,"rotationMatrix":[-0.59013927,0.807301641,0,-0.807301641,-0.59013927,0,0,0,1],"shapeName":"/levels/ms_s2/art/shapes/buildings/italy_construction_site_net.DAE","useInstanceRenderData":true}
{"class":"TSStatic","persistentId":"04957e12-5020-4120-8e5a-5aaf55f90b02","__parent":"SimGroup_","position":[53.7797585,-415.975586,17.5854454],"isRenderEnabled":false,"rotationMatrix":[0.766261995,0.642528296,0,-0.642528296,0.766261995,0,0,0,1],"shapeName":"/levels/ms_s2/art/shapes/buildings/italy_construction_site_net_folded.DAE","useInstanceRenderData":true}
{"class":"TSStatic","persistentId":"0593b18b-0f2b-4fcc-87e8-18bd250f7ae2","__parent":"SimGroup_","position":[44.0252571,-414.380066,17.5854321],"isRenderEnabled":false,"rotationMatrix":[-0.500650167,0.865649462,0,-0.865649462,-0.500650167,0,0,0,1],"shapeName":"/levels/ms_s2/art/shapes/buildings/italy_construction_site_net.DAE","useInstanceRenderData":true}
{"class":"TSStatic","persistentId":"06c39b6b-868e-451e-a384-da7b86c1f9ea","__parent":"SimGroup_","position":[118.121094,103.505424,16.7368622],"isRenderEnabled":false,"rotationMatrix":[0.882615507,-0.470095575,0,0.470095575,0.882615507,0,0,0,1],"shapeName":"/levels/ms_s2/art/shapes/buildings/italy_construction_site_net.DAE","useInstanceRenderData":true}
{"class":"TSStatic","persistentId":"0b71c5d0-532c-4372-b3d6-1eaaffa752ba","__parent":"SimGroup_","position":[-433.657532,-49.3326645,31.4419556],"isRenderEnabled":false,"rotationMatrix":[0.846832216,-0.531860054,0,0.531860054,0.846832216,0,0,0,1],"shapeName":"/levels/ms_s2/art/shapes/objects_hr/pole_metal1.dae","useInstanceRenderData":true}
{"class":"TSStatic","persistentId":"0de5d726-d59c-4429-a80a-b98dc4b39f5a","__parent":"SimGroup_","position":[-433.833282,-50.2409096,31.0058594],"isRenderEnabled":false,"rotationMatrix":[-0.74685955,0.664981425,0,-0.664981425,-0.74685955,0,0,0,1],"shapeName":"/levels/ms_s2/art/shapes/race/race_rally_finish_checkpoint_red.dae","useInstanceRenderData":true}
{"class":"TSStatic","persistentId":"0e791304-d982-47e6-8986-221d7167634c","__parent":"SimGroup_","position":[-450.684692,-168.952606,38.1070061],"isRenderEnabled":false,"rotationMatrix":[-0.671336651,0.738771677,0.0593548603,-0.737069845,-0.673888445,0.0510100797,0.0776833743,-0.00950373709,0.996932805],"shapeName":"/art/shapes/objects/s_metal_fence.dae","useInstanceRenderData":true}
{"class":"TSStatic","persistentId":"0e8ec24a-6364-438a-9445-832f263e0008","__parent":"SimGroup_","position":[-344.699249,-203.252213,26.7909184],"isRenderEnabled":false,"rotationMatrix":[0.214137137,-0.975430012,0.0517848022,0.967980027,0.204794765,-0.145167977,0.130995929,0.0812125131,0.988050938],"shapeName":"/art/shapes/objects/s_metal_fence.dae","useInstanceRenderData":true}
{"class":"TSStatic","persistentId":"0f559545-91f2-4383-92ef-590422b523c9","__parent":"SimGroup_","position":[-407.809113,311.00943,19.3550167],"isRenderEnabled":false,"rotationMatrix":[0.521846771,0.853039205,0,-0.853039205,0.521846771,0,0,0,1],"shapeName":"/levels/ms_s2/art/shapes/buildings/italy_construction_site_net.DAE","useInstanceRenderData":true}
{"class":"TSStatic","persistentId":"10213235-c6fc-44c8-834e-4917c597dc05","__parent":"SimGroup_","position":[-319.534729,115.983017,19.4692383],"isRenderEnabled":false,"rotationMatrix":[-0.96901381,-0.246556878,0.0148821892,0.24681887,-0.96886456,0.0195327513,0.00960289408,0.0226007141,0.99969846],"shapeName":"/levels/ms_s2/art/shapes/race/sign_checkpoint.dae","useInstanceRenderData":true}
{"class":"TSStatic","persistentId":"1196fda2-6ba8-40ef-97ab-101333d9b0fb","__parent":"SimGroup_","position":[-227.365463,314.226654,17.3724842],"isRenderEnabled":false,"rotationMatrix":[0.955406308,-0.294648409,0.0195204131,0.293779373,0.955113292,0.0381093733,-0.0298730731,-0.0306752417,0.999082923],"shapeName":"/levels/ms_s2/art/shapes/race/sign_checkpoint.dae","useInstanceRenderData":true}
{"class":"TSStatic","persistentId":"1274f3ee-f2e7-4f8f-b884-dc7f89d61cc1","__parent":"SimGroup_","position":[-339.706329,-199.790649,26.5848732],"isRenderEnabled":false,"rotationMatrix":[0.802097321,-0.596047819,0.0369702801,0.59683913,0.802215874,-0.0152567066,-0.0205644183,0.0343026742,0.999199867],"shapeName":"/art/shapes/objects/s_metal_fence.dae","useInstanceRenderData":true}
{"class":"TSStatic","persistentId":"129647ca-fe2f-4589-ad97-fc6838c5b180","__parent":"SimGroup_","position":[-239.070816,-89.7271042,14.780097],"isRenderEnabled":false,"rotationMatrix":[-0.862775207,0.505587518,0,-0.505587518,-0.862775207,0,0,0,1],"shapeName":"/levels/ms_s2/art/shapes/buildings/italy_construction_site_net.DAE","useInstanceRenderData":true}
{"class":"TSStatic","persistentId":"13037ca0-e103-483b-bc60-a50de073a4c4","__parent":"SimGroup_","position":[-351.445831,111.833229,20.6611252],"isRenderEnabled":false,"rotationMatrix":[-0.23001802,0.973186553,0,-0.973186553,-0.23001802,0,0,0,1],"shapeName":"/levels/ms_s2/art/shapes/buildings/italy_construction_site_net.DAE","useInstanceRenderData":true}
{"class":"TSStatic","persistentId":"151c1c6d-b9eb-49d0-aa43-7d66f4a6399e","__parent":"SimGroup_","position":[-454.664307,271.584686,22.7839298],"isRenderEnabled":false,"rotationMatrix":[0.789113164,0.614247739,9.31322575e-10,-0.614150226,0.788987815,-0.0178232528,-0.0109478952,0.0140645616,0.999841154],"shapeName":"/art/shapes/objects/s_metal_fence.dae","useInstanceRenderData":true}
{"class":"TSStatic","persistentId":"1819d746-f5b2-4d32-8b2c-af2b2df7e09e","__parent":"SimGroup_","position":[-438.286133,-45.7755394,31.0074234],"isRenderEnabled":false,"rotationMatrix":[0.864168346,-0.503202796,0,0.503202796,0.864168346,0,0,0,1],"shapeName":"/art/shapes/garage_and_dealership/Clutter/clutter_workshop_green_can.dae","useInstanceRenderData":true}
{"class":"TSStatic","persistentId":"183866f5-b862-4f4b-8042-41bb0976e3b4","__parent":"SimGroup_","position":[-352.018524,114.256317,20.6611252],"isRenderEnabled":false,"rotationMatrix":[-0.102517962,0.994731009,0,-0.994731009,-0.102517962,0,0,0,1],"shapeName":"/levels/ms_s2/art/shapes/buildings/italy_construction_site_net.DAE","useInstanceRenderData":true}
{"class":"TSStatic","persistentId":"19857c4f-1401-42f0-81c7-489bb2cd4c3d","__parent":"SimGroup_","position":[-362.379883,-180.924515,27.6583824],"isRenderEnabled":false,"rotationMatrix":[-0.57239151,0.819311321,0.0331134386,-0.819660604,-0.572829008,0.00478731748,0.0228906497,-0.0244015642,0.999440134],"shapeName":"/art/shapes/objects/s_metal_fence.dae","useInstanceRenderData":true}
{"class":"TSStatic","persistentId":"1a18c96a-d92c-4997-8f5e-5672d77df99b","__parent":"SimGroup_","position":[-452.37207,281.440186,22.5358391],"isRenderEnabled":false,"rotationMatrix":[0.927729964,0.363737762,0.0837369636,-0.365019739,0.930999756,9.31322575e-10,-0.0779590979,-0.0305656493,0.996487916],"shapeName":"/levels/ms_s2/art/shapes/race/race_rally_finish_checkpoint_red.dae","useInstanceRenderData":true}
{"class":"TSStatic","persistentId":"1b776325-7af6-45b7-8600-f8899b9dd5c5","__parent":"SimGroup_","position":[-439.997528,-58.5351677,31.0179462],"isRenderEnabled":false,"rotationMatrix":[0.708156466,-0.706055403,0,0.706055403,0.708156466,0,0,0,1],"shapeName":"/art/shapes/objects/s_metal_fence.dae","useInstanceRenderData":true}
{"class":"TSStatic","persistentId":"1cb488dc-1283-48c8-b19e-c7654368b2b3","__parent":"SimGroup_","position":[-438.484192,-46.1021614,31.0074234],"isRenderEnabled":false,"rotationMatrix":[0.569056392,-0.822298467,0,0.822298467,0.569056392,0,0,0,1],"shapeName":"/art/shapes/garage_and_dealership/Clutter/clutter_workshop_green_can.dae","useInstanceRenderData":true}
{"class":"TSStatic","persistentId":"1e9ca849-2406-4ba1-a8e8-6635d07d35fd","__parent":"SimGroup_","position":[-410.272705,303.982086,19.3554592],"isRenderEnabled":false,"rotationMatrix":[-0.323054075,-0.946380615,0,0.946380615,-0.323054075,0,0,0,1],"shapeName":"/levels/ms_s2/art/shapes/buildings/italy_construction_site_net_folded.DAE","useInstanceRenderData":true}
{"class":"TSStatic","persistentId":"1ecafda7-77cd-4f0e-856a-1cd0c1835760","__parent":"SimGroup_","position":[-364.509399,-182.782379,27.6463299],"isRenderEnabled":false,"rotationMatrix":[0.713839173,-0.69929713,-0.0376447402,0.699992239,0.714102268,0.00829468761,0.0210817419,-0.0322721042,0.99925673],"shapeName":"/art/shapes/objects/s_metal_fence.dae","useInstanceRenderData":true}
{"class":"TSStatic","persistentId":"1edbe505-c6e4-4105-ba27-79894db9e80f","__parent":"SimGroup_","position":[-152.289902,-214.838242,17.0334339],"isRenderEnabled":false,"rotationMatrix":[-0.680455089,-0.732789516,0,0.732789516,-0.680455089,0,0,0,1],"shapeName":"/levels/ms_s2/art/shapes/buildings/italy_construction_site_net_rolled.DAE","useInstanceRenderData":true}
{"class":"TSStatic","persistentId":"1f634150-e01a-4ad4-a347-82f409ad16b1","__parent":"SimGroup_","position":[-336.697754,-269.933716,27.6704292],"isRenderEnabled":false,"rotationMatrix":[0.993629217,-0.112658873,-0.00300108152,0.112463772,0.992924094,-0.0381272435,0.00727521814,0.0375468284,0.999268413],"shapeName":"/art/shapes/objects/s_metal_fence.dae","useInstanceRenderData":true}
{"class":"TSStatic","persistentId":"2020ca64-acb1-4b8b-ab51-8d9eb996bae3","__parent":"SimGroup_","position":[-141.497635,-215.827286,17.0307465],"isRenderEnabled":false,"rotationMatrix":[-0.98390162,0.178709731,0,-0.178709731,-0.98390162,0,0,0,1],"shapeName":"/levels/ms_s2/art/shapes/buildings/italy_construction_site_net.DAE","useInstanceRenderData":true}
{"class":"TSStatic","persistentId":"20ba3e7a-9863-41d2-856d-72fe1422d853","__parent":"SimGroup_","position":[-458.459839,278.041962,23.2308655],"isRenderEnabled":false,"rotationMatrix":[-0.86906004,-0.494706184,0,0.494706184,-0.86906004,0,0,0,1],"shapeName":"/levels/ms_s2/art/shapes/objects_hr/pole_metal1.dae","useInstanceRenderData":true}
{"class":"TSStatic","persistentId":"20bb0a8f-e45f-4dab-8254-3e9338f8ad3c","__parent":"SimGroup_","position":[-357.749634,-146.745117,25.1734638],"isRenderEnabled":false,"rotationMatrix":[-0.652767301,-0.750798762,0.100977257,0.751955688,-0.658339024,-0.0339490138,0.0919661373,0.053769622,0.994309366],"scale":[0.5,0.5,0.579999983],"shapeName":"/levels/ms_s2/art/shapes/race/sign_arrows.dae","useInstanceRenderData":true}
{"class":"TSStatic","persistentId":"21281251-bfb6-4c80-8e13-bc4b36f8a4ad","__parent":"SimGroup_","position":[-462.307434,285.729767,23.2308655],"isRenderEnabled":false,"rotationMatrix":[-0.959583759,-0.281423748,0,0.281423748,-0.959583759,0,0,0,1],"shapeName":"/levels/ms_s2/art/shapes/objects_hr/pole_metal1.dae","useInstanceRenderData":true}
{"class":"TSStatic","persistentId":"235ce2ae-a962-412a-8826-c2b9aa4ff282","__parent":"SimGroup_","position":[-457.747803,278.884521,22.7689133],"collisionType":"None","decalType":"None","isRenderEnabled":false,"rotationMatrix":[-0.867893696,-0.494285434,0.0494198911,0.494890124,-0.868955493,-9.31322575e-10,0.04294369,0.0244574174,0.998778105],"scale":[0.522900343,0.522900343,0.522900343],"shapeName":"/art/shapes/objects/s_standinglight_01.dae","useInstanceRenderData":true}
{"class":"TSStatic","persistentId":"23a6c21a-606f-49ad-9478-5b0d220fbfdd","__parent":"SimGroup_","position":[153.862625,57.4613342,18.2149906],"isRenderEnabled":false,"rotationMatrix":[0.754102409,0.644775629,0.124875605,-0.649870515,0.760044932,8.37780535e-05,-0.094857052,-0.0812161565,0.99217242],"shapeName":"/levels/ms_s2/art/shapes/race/sign_checkpoint.dae","useInstanceRenderData":true}
{"class":"TSStatic","persistentId":"243cc2a1-4871-4984-8031-3a4e3fce65b7","__parent":"SimGroup_","position":[-389.155212,-157.322189,29.1294327],"isRenderEnabled":false,"rotationMatrix":[0.998642087,0.0365241319,-0.0371485353,-0.0339082256,0.997056603,0.0687630922,0.0395507067,-0.0674100816,0.996941149],"shapeName":"/art/shapes/objects/s_metal_fence.dae","useInstanceRenderData":true}
{"class":"TSStatic","persistentId":"24abd3fd-7617-4c29-8c60-699e6bbabc64","__parent":"SimGroup_","position":[-337.370605,-266.752472,27.5796299],"isRenderEnabled":false,"rotationMatrix":[0.890411735,0.454577476,-0.0229389146,-0.454984516,0.890328228,-0.0174568649,0.0124876648,0.0259806495,0.999584436],"shapeName":"/art/shapes/objects/s_metal_fence.dae","useInstanceRenderData":true}
{"class":"TSStatic","persistentId":"267b2efe-4883-4b8a-9033-ec376e53eb26","__parent":"SimGroup_","position":[-253.959122,-408.516357,23.9056358],"isRenderEnabled":false,"rotationMatrix":[0.745915174,-0.661751688,-0.0754666105,0.664323151,0.747332692,0.0129870195,0.0478044823,-0.0598214343,0.997063756],"shapeName":"/levels/ms_s2/art/shapes/buildings/italy_construction_site_net.DAE","useInstanceRenderData":true}
{"class":"TSStatic","persistentId":"29e785c8-ff16-4f0f-942a-80cdb8823184","__parent":"SimGroup_","position":[-410.786987,-274.731995,35.2012749],"isRenderEnabled":false,"rotationMatrix":[0.966365099,0.257105947,-0.00591720408,-0.25716275,0.966282427,-0.0128664169,0.002409657,0.0139553417,0.999899745],"shapeName":"/art/shapes/objects/s_metal_fence.dae","useInstanceRenderData":true}
{"class":"TSStatic","persistentId":"2af94811-e0fd-4865-b71b-9522cc9b9800","__parent":"SimGroup_","position":[-408.944427,-277.938965,36.6226883],"isRenderEnabled":false,"rotationMatrix":[-0.738929629,0.67332679,0.0247729067,-0.673533499,-0.739156485,0,0.0183110591,-0.0166853853,0.999693096],"scale":[0.5,0.5,0.5],"shapeName":"/levels/ms_s2/art/shapes/race/sign_arrows.dae","useInstanceRenderData":true}
{"class":"TSStatic","persistentId":"2bdf8224-5dea-432a-8922-2391c37595f6","__parent":"SimGroup_","position":[-40.1812057,188.806168,14.8827391],"isRenderEnabled":false,"rotationMatrix":[0.884110928,-0.46727699,0,0.46727699,0.884110928,0,0,0,1],"shapeName":"/levels/ms_s2/art/shapes/buildings/italy_construction_site_net.DAE","useInstanceRenderData":true}
{"class":"TSStatic","persistentId":"2ca9868c-727d-4e60-9906-2b7ae1efffb3","__parent":"SimGroup_","position":[-448.879181,-166.741516,38.1041412],"isRenderEnabled":false,"rotationMatrix":[-0.863505125,0.503695488,0.0254887063,-0.504333615,-0.862645388,-0.0386082977,0.00254088826,-0.0461932719,0.998929262],"shapeName":"/art/shapes/objects/s_metal_fence.dae","useInstanceRenderData":true}
{"class":"TSStatic","persistentId":"30c96476-12a4-4e73-841a-21c8538b7234","__parent":"SimGroup_","position":[47.2497177,-417.883209,17.5854321],"isRenderEnabled":false,"rotationMatrix":[-0.759121418,0.65094918,0,-0.65094918,-0.759121418,0,0,0,1],"shapeName":"/levels/ms_s2/art/shapes/buildings/italy_construction_site_net.DAE","useInstanceRenderData":true}
{"class":"TSStatic","persistentId":"31508c94-b36a-4692-b425-fabb13418b3a","__parent":"SimGroup_","position":[-433.671295,-50.9230194,31.8086319],"collisionType":"None","decalType":"None","isRenderEnabled":false,"rotationMatrix":[-0.579914093,-0.814677715,3.27825546e-07,2.98023224e-08,3.57627869e-07,1,-0.814677715,0.579914093,-2.38418579e-07],"scale":[0.25034371,0.25034371,0.25034371],"shapeName":"/levels/ms_s2/art/shapes/buildings/charging_station_b.DAE","useInstanceRenderData":true}
{"class":"TSStatic","persistentId":"31cdc78b-6c60-453d-add1-e49b8a8b27f4","__parent":"SimGroup_","position":[-134.562134,-218.568741,17.0296001],"isRenderEnabled":false,"rotationMatrix":[0.821843863,-0.569712758,0,0.569712758,0.821843863,0,0,0,1],"shapeName":"/levels/ms_s2/art/shapes/buildings/italy_construction_site_net_folded.DAE","useInstanceRenderData":true}
{"class":"TSStatic","persistentId":"34924e51-eb5f-4bca-a1de-177aac7a1d19","__parent":"SimGroup_","position":[-459.387451,275.70755,22.7277794],"isRenderEnabled":false,"rotationMatrix":[-0.510959387,0.859604657,0,-0.859604657,-0.510959387,0,0,0,1],"scale":[1.08046865,1.08046865,1.08046865],"shapeName":"/levels/ms_s2/art/shapes/buildings/italy_clutter_plastic_chair_a.DAE","useInstanceRenderData":true}
{"class":"TSStatic","persistentId":"34e6dc65-f683-4b2f-8a0a-75ec04f044f1","__parent":"SimGroup_","position":[-257.333435,-404.875244,24.2858696],"isRenderEnabled":false,"rotationMatrix":[0.656199157,-0.750699699,-0.076501824,0.753071964,0.65792954,0.00336795673,0.0478044823,-0.0598214306,0.997063756],"shapeName":"/levels/ms_s2/art/shapes/buildings/italy_construction_site_net.DAE","useInstanceRenderData":true}
{"class":"TSStatic","persistentId":"3507fb29-362b-4437-9dbb-7710e3686582","__parent":"SimGroup_","position":[-447.213593,259.963715,22.8987255],"isRenderEnabled":false,"rotationMatrix":[0.835709751,0.548960149,-0.0152306287,-0.548974454,0.835831344,0.00359721063,0.0147049623,0.00535500282,0.999877512],"shapeName":"/art/shapes/objects/s_metal_fence.dae","useInstanceRenderData":true}
{"class":"TSStatic","persistentId":"353226b3-0ccb-4337-bbd1-e9301f105a45","__parent":"SimGroup_","position":[-358.526154,-147.71666,24.5738792],"isRenderEnabled":false,"rotationMatrix":[0.822023153,-0.567570686,-0.0462752879,0.563416958,0.822420061,-0.0786546543,0.0826998055,0.0385836586,0.995827317],"shapeName":"/art/shapes/objects/s_metal_fence.dae","useInstanceRenderData":true}
{"class":"TSStatic","persistentId":"374b8ade-54d9-4785-ab07-f73ed7606fb3","__parent":"SimGroup_","position":[-248.065781,-413.026123,23.343565],"isRenderEnabled":false,"rotationMatrix":[0.78638494,-0.613228381,-0.0744956657,0.615884244,0.787637174,0.0177276079,0.0478044823,-0.0598214343,0.997063756],"shapeName":"/levels/ms_s2/art/shapes/buildings/italy_construction_site_net_folded.DAE","useInstanceRenderData":true}
{"class":"TSStatic","persistentId":"38051b19-192f-497e-aa47-8f8b1be240e8","__parent":"SimGroup_","position":[-449.954315,264.72876,22.909174],"isRenderEnabled":false,"rotationMatrix":[0.859711111,0.510780573,-0.000160781783,-0.510772467,0.859695613,-0.00591117004,-0.00288108783,0.00516402116,0.999982536],"shapeName":"/art/shapes/objects/s_metal_fence.dae","useInstanceRenderData":true}
{"class":"TSStatic","persistentId":"398f8a47-0d85-49ec-bce4-125ab3f1f043","__parent":"SimGroup_","position":[-455.530914,272.902649,23.2308655],"isRenderEnabled":false,"rotationMatrix":[-0.86906004,-0.494706184,0,0.494706184,-0.86906004,0,0,0,1],"shapeName":"/levels/ms_s2/art/shapes/objects_hr/pole_metal1.dae","useInstanceRenderData":true}
{"class":"TSStatic","persistentId":"3c1764d7-4b4a-4d3d-96b4-bc0e9f168dca","__parent":"SimGroup_","position":[74.7400818,138.714966,15.7762661],"isRenderEnabled":false,"rotationMatrix":[0.782334089,-0.622825563,0.00644952804,0.622838557,0.782350361,2.32830644e-10,-0.00504579116,0.00401701499,0.999979198],"shapeName":"/levels/ms_s2/art/shapes/buildings/italy_construction_site_net.DAE","useInstanceRenderData":true}
{"class":"TSStatic","persistentId":"3c32ecb0-da7a-4eeb-aefe-5f144f561748","__parent":"SimGroup_","position":[-434.579559,-45.2633591,33.9897118],"isRenderEnabled":false,"rotationMatrix":[0.846832216,-0.531860054,0,0.531860054,0.846832216,0,0,0,1],"shapeName":"/levels/ms_s2/art/shapes/objects_hr/gazebo_striped_red.dae","useInstanceRenderData":true}
{"class":"TSStatic","persistentId":"3e2b8564-5c11-4771-b15d-3968209dd06f","__parent":"SimGroup_","position":[-5.67266512,-337.317627,16.2100544],"isRenderEnabled":false,"rotationMatrix":[-0.661826015,-0.74959141,0.00993506983,0.749601066,-0.661556125,0.0210123677,-0.00917808525,0.0213538762,0.999729872],"shapeName":"/levels/ms_s2/art/shapes/race/sign_checkpoint.dae","useInstanceRenderData":true}
{"class":"TSStatic","persistentId":"3e610258-2f61-40a6-8015-30a83145e3fa","__parent":"SimGroup_","position":[-2.4282372,-332.84082,16.1063728],"isRenderEnabled":false,"rotationMatrix":[-0.419827223,-0.907559276,0.00899874233,0.906669736,-0.418924809,0.0495151654,-0.0411681533,0.0289467108,0.998732805],"shapeName":"/levels/ms_s2/art/shapes/race/sign_checkpoint.dae","useInstanceRenderData":true}
{"class":"TSStatic","persistentId":"3e67f3ea-dd0e-4862-b5fc-c0b59d879936","__parent":"SimGroup_","position":[-35.7346001,186.549423,14.8827391],"isRenderEnabled":false,"rotationMatrix":[0.915150821,-0.403111637,0,0.403111637,0.915150821,0,0,0,1],"shapeName":"/levels/ms_s2/art/shapes/buildings/italy_construction_site_net.DAE","useInstanceRenderData":true}
{"class":"TSStatic","persistentId":"3ebc9bd3-6542-4f20-a217-fc1f4e0044f0","__parent":"SimGroup_","position":[-354.959717,123.571869,20.6611252],"isRenderEnabled":false,"rotationMatrix":[-0.625299335,0.780384839,0,-0.780384839,-0.625299335,0,0,0,1],"shapeName":"/levels/ms_s2/art/shapes/buildings/italy_construction_site_net.DAE","useInstanceRenderData":true}
{"class":"TSStatic","persistentId":"3eca4e7e-4866-4c80-96c4-ee7bd82fdc80","__parent":"SimGroup_","position":[-463.586578,275.123566,23.2308655],"isRenderEnabled":false,"rotationMatrix":[-0.86906004,-0.494706184,0,0.494706184,-0.86906004,0,0,0,1],"shapeName":"/levels/ms_s2/art/shapes/objects_hr/pole_metal1.dae","useInstanceRenderData":true}
{"class":"TSStatic","persistentId":"40420545-1807-4aa4-82a5-c3f4020a5d96","__parent":"SimGroup_","position":[76.6861649,137.165039,15.7889252],"isRenderEnabled":false,"rotationMatrix":[0.693243027,-0.720675409,0.00639305543,0.720686138,0.693260849,0.000851610792,-0.00504579023,0.00401701452,0.999979198],"shapeName":"/levels/ms_s2/art/shapes/buildings/italy_construction_site_net_folded.DAE","useInstanceRenderData":true}
{"class":"TSStatic","persistentId":"412144b2-9faa-4faf-8cbc-5f03a4ce0b50","__parent":"SimGroup_","position":[72.8027115,140.257309,15.7602959],"isRenderEnabled":false,"rotationMatrix":[0.782334089,-0.622825563,0.00644952804,0.622838557,0.782350361,2.32830644e-10,-0.00504579116,0.00401701499,0.999979198],"shapeName":"/levels/ms_s2/art/shapes/buildings/italy_construction_site_net.DAE","useInstanceRenderData":true}
{"class":"TSStatic","persistentId":"44665b90-b31d-4690-b4f7-5dd1614e5da1","__parent":"SimGroup_","position":[-359.525635,-182.751083,30.2226257],"isRenderEnabled":false,"rotationMatrix":[-0.701171398,0.712572753,0.0244633015,-0.712786019,-0.701381326,-3.7252903e-09,0.0171581041,-0.0174371041,0.999700725],"scale":[0.5,0.5,0.5],"shapeName":"/levels/ms_s2/art/shapes/race/sign_arrows.dae","useInstanceRenderData":true}
{"class":"TSStatic","persistentId":"447f8469-95c0-4b89-8955-cbcb684ca1ff","__parent":"SimGroup_","position":[-428.781128,-54.0583534,31.0058594],"isRenderEnabled":false,"rotationMatrix":[-0.848642111,0.528967023,0,-0.528967023,-0.848642111,0,0,0,1],"shapeName":"/levels/ms_s2/art/shapes/race/race_rally_finish_checkpoint_red.dae","useInstanceRenderData":true}
{"class":"TSStatic","persistentId":"46d82c7f-bc39-4d2d-bbf7-74856bd43264","__parent":"SimGroup_","position":[-458.814545,276.603516,22.7224846],"isRenderEnabled":false,"rotationMatrix":[0.428442955,-0.903568745,0,0.903568745,0.428442955,0,0,0,1],"shapeName":"/art/shapes/garage_and_dealership/garage/s_garage_workbench_02.dae","useInstanceRenderData":true}
{"class":"TSStatic","persistentId":"4bd78bc3-0730-4415-a93f-f75d0ac61b65","__parent":"SimGroup_","position":[-314.087311,118.048378,19.5062103],"isRenderEnabled":false,"rotationMatrix":[-0.884364009,-0.466683507,-0.0103399036,0.46643734,-0.884334445,0.0197205395,-0.0183471814,0.0126172164,0.999752045],"shapeName":"/levels/ms_s2/art/shapes/race/sign_checkpoint.dae","useInstanceRenderData":true}
{"class":"TSStatic","persistentId":"4c513338-21aa-49ac-ba7e-5d2f5f1f23a8","__parent":"SimGroup_","position":[-465.977844,287.73764,25.7786255],"isRenderEnabled":false,"rotationMatrix":[-0.959583759,-0.281423748,0,0.281423748,-0.959583759,0,0,0,1],"shapeName":"/levels/ms_s2/art/shapes/objects_hr/gazebo_black.dae","useInstanceRenderData":true}
{"class":"TSStatic","persistentId":"4d0c5b2d-9bff-4046-b75a-01076f112551","__parent":"SimGroup_","position":[-53.659214,195.588013,14.8796024],"isRenderEnabled":false,"rotationMatrix":[-0.562770367,0.826612949,0,-0.826612949,-0.562770367,0,0,0,1],"shapeName":"/levels/ms_s2/art/shapes/buildings/italy_construction_site_net_rolled.DAE","useInstanceRenderData":true}
{"class":"TSStatic","persistentId":"4f40bc61-1c25-424e-af7f-619fa1928c64","__parent":"SimGroup_","position":[-445.966339,255.394821,22.9048538],"isRenderEnabled":false,"rotationMatrix":[0.734281063,-0.678807735,-0.00716343243,0.678686261,0.734296441,-0.0139139164,0.0147049585,0.0053550005,0.999877512],"shapeName":"/art/shapes/objects/s_metal_fence.dae","useInstanceRenderData":true}
{"class":"TSStatic","persistentId":"4fea5a58-a97f-4947-98a6-a061b996e10e","__parent":"SimGroup_","position":[-152.447708,-214.896606,17.0307465],"isRenderEnabled":false,"rotationMatrix":[-0.946233392,0.323483914,0,-0.323483914,-0.946233392,0,0,0,1],"shapeName":"/levels/ms_s2/art/shapes/buildings/italy_construction_site_net.DAE","useInstanceRenderData":true}
{"class":"TSStatic","persistentId":"5231e2d0-50dc-4724-88c9-5b692c948378","__parent":"SimGroup_","position":[-463.974976,291.405182,23.2308655],"isRenderEnabled":false,"rotationMatrix":[-0.959583759,-0.281423748,0,0.281423748,-0.959583759,0,0,0,1],"shapeName":"/levels/ms_s2/art/shapes/objects_hr/pole_metal1.dae","useInstanceRenderData":true}
{"class":"TSStatic","persistentId":"52aeec41-49e4-4f39-a907-cb68602fc5b7","__parent":"SimGroup_","position":[-181.962082,278.342987,16.8346272],"isRenderEnabled":false,"rotationMatrix":[0.392124653,0.919912159,0,-0.919912159,0.392124653,0,0,0,1],"scale":[1.07372546,1,1],"shapeName":"/levels/ms_s2/art/shapes/buildings/italy_construction_site_net.DAE","useInstanceRenderData":true}
