{"name":"jungle_rock_island/timeTrial/aip-island-loop - Forward Prefab_group","class":"SimGroup","persistentId":"f2de4f0e-90de-4259-8d73-10325a863c82","groupPosition":"0 0 0"}
{"class":"TSStatic","persistentId":"000399b6-acb1-44ae-b1a3-caf006395134","__parent":"jungle_rock_island/timeTrial/aip-island-loop - Forward Prefab_group","position":[511.048645,-457.096375,128.556946],"isRenderEnabled":false,"rotationMatrix":[0.873963654,0.485991329,0,-0.485991329,0.873963654,0,0,0,1],"shapeName":"/art/shapes/signboards/sb_flying_finish/sb_flying_finish.dae","useInstanceRenderData":true}
{"class":"TSStatic","persistentId":"128e73eb-cdd4-4b80-a116-ed8e48d59bf4","__parent":"jungle_rock_island/timeTrial/aip-island-loop - Forward Prefab_group","position":[-562.77655,489.269318,154.90271],"isRenderEnabled":false,"rotationMatrix":[0.817187369,0.576371908,0,-0.576371908,0.817187369,0,0,0,0.999999881],"shapeName":"/art/shapes/signboards/sb_medical_point_warning/sb_medical_point_warning.dae","useInstanceRenderData":true}
{"class":"TSStatic","persistentId":"1aca7b56-2483-409a-b107-0565cd345a00","__parent":"jungle_rock_island/timeTrial/aip-island-loop - Forward Prefab_group","position":[485.59845,-414.669342,129.590683],"isRenderEnabled":false,"rotationMatrix":[0.872517586,0.488410741,-0.0129660992,-0.488220066,0.872585118,0.0153767448,0.0188241899,-0.0070861713,0.999797702],"shapeName":"/art/shapes/signboards/sb_end_of_area/sb_end_of_area.dae","useInstanceRenderData":true}
{"class":"TSStatic","persistentId":"2ce2cdb0-0ae5-4cf2-9145-d642bab69e9f","__parent":"jungle_rock_island/timeTrial/aip-island-loop - Forward Prefab_group","position":[176.588501,-298.959747,140.528107],"isRenderEnabled":false,"rotationMatrix":[-0.694775224,0.719227433,0,-0.719227433,-0.694775224,0,0,0,1],"shapeName":"/art/shapes/signboards/sb_medical_point_warning/sb_medical_point_warning.dae","useInstanceRenderData":true}
{"class":"TSStatic","persistentId":"2e1b7fdf-babe-45d6-bf2e-2f3679dac33b","__parent":"jungle_rock_island/timeTrial/aip-island-loop - Forward Prefab_group","position":[-704.878906,747.394226,142.786652],"isRenderEnabled":false,"rotationMatrix":[0.627580166,0.778552055,0,-0.778552055,0.627580166,0,0,0,1],"shapeName":"/art/shapes/signboards/sb_radio_point/sb_radio_point.dae","useInstanceRenderData":true}
{"class":"TSStatic","persistentId":"33386fca-80c5-4686-a76c-6afe09d976a2","__parent":"jungle_rock_island/timeTrial/aip-island-loop - Forward Prefab_group","position":[-704.51062,747.857422,142.784775],"isRenderEnabled":false,"rotationMatrix":[0.623243988,0.782027483,0,-0.782027483,0.623243988,0,0,0,1],"shapeName":"/art/shapes/signboards/sb_medical_vehicle_point/sb_medical_vehicle_point.dae","useInstanceRenderData":true}
{"class":"TSStatic","persistentId":"350cb785-2cd4-4282-b3e4-43faefe09f1b","__parent":"jungle_rock_island/timeTrial/aip-island-loop - Forward Prefab_group","position":[603.910156,-575.420837,131.84288],"isRenderEnabled":false,"rotationMatrix":[0.553665578,0.832739174,0,-0.832739174,0.553665578,0,0,0,1],"shapeName":"/art/shapes/signboards/sb_flying_finish_entry/sb_flying_finish_entry.dae","useInstanceRenderData":true}
{"class":"TSStatic","persistentId":"658e615e-eb0c-43e7-b7f3-e456cf20941a","__parent":"jungle_rock_island/timeTrial/aip-island-loop - Forward Prefab_group","position":[40.5890121,-375.974609,131.752075],"isRenderEnabled":false,"rotationMatrix":[-0.28798914,0.957634032,0,-0.957634032,-0.28798914,0,0,0,1],"shapeName":"/art/shapes/signboards/sb_medical_vehicle_point/sb_medical_vehicle_point.dae","useInstanceRenderData":true}
{"class":"TSStatic","persistentId":"6bc877cf-3204-4e8f-afc1-16b417d32028","__parent":"jungle_rock_island/timeTrial/aip-island-loop - Forward Prefab_group","position":[491.34671,-411.534851,129.606995],"isRenderEnabled":false,"rotationMatrix":[0.878946126,0.476918638,-0.00152630918,-0.476814985,0.878813624,0.0182780307,0.0100584738,-0.0153376376,0.999831796],"shapeName":"/art/shapes/signboards/sb_end_of_area/sb_end_of_area.dae","useInstanceRenderData":true}
{"class":"TSStatic","persistentId":"797e0e95-802e-44e9-900a-dcc516caa82a","__parent":"jungle_rock_island/timeTrial/aip-island-loop - Forward Prefab_group","position":[515.676941,-454.495605,128.556946],"isRenderEnabled":false,"rotationMatrix":[0.873963654,0.485991329,0,-0.485991329,0.873963654,0,0,0,1],"shapeName":"/art/shapes/signboards/sb_flying_finish/sb_flying_finish.dae","useInstanceRenderData":true}
{"class":"TSStatic","persistentId":"9b1abf1d-941f-47e9-89d6-d93fe9da8ad1","__parent":"jungle_rock_island/timeTrial/aip-island-loop - Forward Prefab_group","position":[600.497559,-581.05719,131.84288],"isRenderEnabled":false,"rotationMatrix":[0.553665578,0.832739174,0,-0.832739174,0.553665578,0,0,0,1],"shapeName":"/art/shapes/signboards/sb_flying_finish_entry/sb_flying_finish_entry.dae","useInstanceRenderData":true}
{"class":"TSStatic","persistentId":"e918f022-98ae-4b6d-86b7-eb45084f4830","__parent":"jungle_rock_island/timeTrial/aip-island-loop - Forward Prefab_group","position":[40.7535362,-376.524292,131.733139],"isRenderEnabled":false,"rotationMatrix":[-0.306665063,0.951817632,0,-0.951817632,-0.306665063,0,0,0,1],"shapeName":"/art/shapes/signboards/sb_radio_point/sb_radio_point.dae","useInstanceRenderData":true}
{"class":"TSStatic","persistentId":"f5f34b13-0746-4a3a-99ff-b39e771a8adc","__parent":"jungle_rock_island/timeTrial/aip-island-loop - Forward Prefab_group","position":[-563.262329,488.924591,154.90271],"isRenderEnabled":false,"rotationMatrix":[0.817187369,0.576371908,0,-0.576371908,0.817187369,0,0,0,0.999999881],"shapeName":"/art/shapes/signboards/sb_radio_point_warning/sb_radio_point_warning.dae","useInstanceRenderData":true}
{"class":"TSStatic","persistentId":"f5fe649e-4f7d-4e13-aa4d-6c29897d39cf","__parent":"jungle_rock_island/timeTrial/aip-island-loop - Forward Prefab_group","position":[176.150452,-298.535431,140.517273],"isRenderEnabled":false,"rotationMatrix":[-0.705798507,0.708137989,0.0197357871,-0.708249569,-0.705960155,0.00181294931,0.0152164921,-0.0126982834,0.999803603],"shapeName":"/art/shapes/signboards/sb_radio_point_warning/sb_radio_point_warning.dae","useInstanceRenderData":true}
