{"name":"SimGroup_","class":"SimGroup","persistentId":"3b6e210e-360f-4418-9df5-e5ea12d8fcf2","groupPosition":"0 0 0"}
{"class":"TSStatic","persistentId":"01248f61-cd4b-4ba8-ab44-b53c94f8d75c","__parent":"SimGroup_","position":[-667.261169,-538.648682,177.710922],"isRenderEnabled":false,"rotationMatrix":[-0.669917583,-0.7408095,-0.0491096377,0.740868747,-0.662744761,-0.109008886,0.048207663,-0.10941077,0.992826939],"shapeName":"/art/aipacenotes/bng_copies/cone.dae","useInstanceRenderData":true}
{"class":"TSStatic","persistentId":"0240927b-a583-4c61-bd05-9642c7a5c297","__parent":"SimGroup_","position":[-895.033813,454.249329,254.427597],"isRenderEnabled":false,"shapeName":"/art/aipacenotes/bng_copies/cone.dae","useInstanceRenderData":true}
{"class":"TSStatic","persistentId":"05bb228c-e337-4f58-8e1f-cca474ac812b","__parent":"SimGroup_","position":[-760.932434,225.241379,265.094818],"isRenderEnabled":false,"rotationMatrix":[-0.980236769,0.197828516,3.50963425e-11,-0.197828516,-0.980236769,-4.14726621e-11,2.6198245e-11,-4.75960833e-11,1],"shapeName":"/art/aipacenotes/rally/signboards/signboard_start.dae","useInstanceRenderData":true}
{"class":"TSStatic","persistentId":"05fd0ce3-af06-43ff-9572-66cf62e210c9","__parent":"SimGroup_","position":[717.926636,834.13031,182.424301],"isRenderEnabled":false,"shapeName":"/art/aipacenotes/bng_copies/cone.dae","useInstanceRenderData":true}
{"class":"TSStatic","persistentId":"06b7fc47-d0be-4fe3-a134-e42e27994f88","__parent":"SimGroup_","position":[428.904114,503.37085,184.347839],"isRenderEnabled":false,"shapeName":"/art/aipacenotes/bng_copies/cone.dae","useInstanceRenderData":true}
{"class":"TSStatic","persistentId":"06e6b891-40b4-4fbd-9144-b39918e9ce53","__parent":"SimGroup_","position":[145.636703,-149.025269,140.612961],"isRenderEnabled":false,"shapeName":"/art/aipacenotes/bng_copies/cone.dae","useInstanceRenderData":true}
{"class":"TSStatic","persistentId":"0924392a-cf35-4e5d-9a8d-49b9673009cb","__parent":"SimGroup_","position":[-690.626099,-518.771912,181.392944],"isRenderEnabled":false,"rotationMatrix":[-0.605105758,-0.795871675,-0.0208673291,0.791398227,-0.598433375,-0.124765992,0.0868100077,-0.0920109749,0.991966724],"shapeName":"/art/aipacenotes/bng_copies/cone.dae","useInstanceRenderData":true}
{"class":"TSStatic","persistentId":"095f7294-8252-44f1-86af-f4bd7932da53","__parent":"SimGroup_","position":[-301.251556,-398.468445,133.67926],"isRenderEnabled":false,"rotationMatrix":[-0.558390737,0.829572976,0.00294544687,-0.82957083,-0.558367252,-0.00618809741,-0.00348883681,-0.00589883234,0.999976516],"shapeName":"/art/aipacenotes/bng_copies/cone.dae","useInstanceRenderData":true}
{"class":"TSStatic","persistentId":"0a0dac2f-70fe-43a7-afeb-cd7e31de55d4","__parent":"SimGroup_","position":[-899.329102,516.998352,256.9328],"isRenderEnabled":false,"shapeName":"/art/aipacenotes/rally/signboards/signboard_medical_warning.dae","useInstanceRenderData":true}
{"class":"TSStatic","persistentId":"0e2ac6b0-622e-4978-8f0d-466dc6a4a68b","__parent":"SimGroup_","position":[558.726624,682.425781,188.462875],"isRenderEnabled":false,"shapeName":"/art/aipacenotes/bng_copies/flagMarkerOrange.dae","useInstanceRenderData":true}
{"class":"TSStatic","persistentId":"0eb332be-c5c1-4a03-8448-5181ac930496","__parent":"SimGroup_","position":[565.267639,698.025269,184.793121],"isRenderEnabled":false,"shapeName":"/art/aipacenotes/bng_copies/flagMarkerOrange.dae","useInstanceRenderData":true}
{"class":"TSStatic","persistentId":"0fc1ee9f-c88b-4e5d-860b-24377aa48587","__parent":"SimGroup_","position":[-597.09906,-634.762634,162.598114],"isRenderEnabled":false,"rotationMatrix":[-0.234924912,0.967161417,0.0970005244,-0.971896172,-0.235274673,-0.00797936693,0.0151044317,-0.0961489975,0.995252371],"shapeName":"/art/aipacenotes/bng_copies/cone.dae","useInstanceRenderData":true}
{"class":"TSStatic","persistentId":"10ca510e-d012-4d96-8548-7eb004e6771f","__parent":"SimGroup_","position":[278.814819,-9.7471199,150.266678],"isRenderEnabled":false,"shapeName":"/art/aipacenotes/bng_copies/cone.dae","useInstanceRenderData":true}
{"class":"TSStatic","persistentId":"13e97b3a-763b-4b60-b85d-855579db54a0","__parent":"SimGroup_","position":[545.264099,666.848328,191.632324],"isRenderEnabled":false,"shapeName":"/art/aipacenotes/bng_copies/flagMarkerOrange.dae","useInstanceRenderData":true}
{"class":"TSStatic","persistentId":"16b5c98d-6dcd-4637-9a49-e05fefc90b2b","__parent":"SimGroup_","position":[-808.462708,86.7071609,253.800537],"isRenderEnabled":false,"shapeName":"/art/aipacenotes/bng_copies/cone.dae","useInstanceRenderData":true}
{"class":"TSStatic","persistentId":"182f94a8-9bcc-4c53-87d5-35725bd74046","__parent":"SimGroup_","position":[-610.708496,-636.827209,162.452606],"isRenderEnabled":false,"rotationMatrix":[0.0196216702,0.994023263,0.107390493,-0.999705493,0.0179720521,0.0163073279,0.0142798349,-0.107678846,0.994083166],"shapeName":"/art/aipacenotes/bng_copies/cone.dae","useInstanceRenderData":true}
{"class":"TSStatic","persistentId":"18463123-2209-42fa-abf0-504acad93264","__parent":"SimGroup_","position":[-603.835327,-636.261292,162.487747],"isRenderEnabled":false,"rotationMatrix":[-0.158406615,0.982642829,0.0965429097,-0.987220228,-0.155897021,-0.0330531113,-0.017428644,-0.10054493,0.994779825],"shapeName":"/art/aipacenotes/bng_copies/cone.dae","useInstanceRenderData":true}
{"class":"TSStatic","persistentId":"1fd83854-285f-4e1b-b236-4254fb6f9f65","__parent":"SimGroup_","position":[-746.876831,-490.387329,189.865906],"isRenderEnabled":false,"rotationMatrix":[-0.56501615,-0.82493782,0.0153107569,0.815629244,-0.561248779,-0.140530407,0.124521993,-0.0669140518,0.989957988],"shapeName":"/art/aipacenotes/bng_copies/cone.dae","useInstanceRenderData":true}
{"class":"TSStatic","persistentId":"21bec7fc-44e1-444d-92b1-203d8d5c98a2","__parent":"SimGroup_","position":[-599.333496,-635.312988,162.568176],"isRenderEnabled":false,"rotationMatrix":[-0.235197425,0.963564217,0.127381921,-0.971720159,-0.235949159,-0.00937287137,0.0210242942,-0.125984058,0.991809428],"shapeName":"/art/aipacenotes/bng_copies/cone.dae","useInstanceRenderData":true}
{"class":"TSStatic","persistentId":"21c65391-86f6-4f0f-b71f-73ed60c19982","__parent":"SimGroup_","position":[138.414597,-136.951981,140.477783],"isRenderEnabled":false,"shapeName":"/art/aipacenotes/bng_copies/cone.dae","useInstanceRenderData":true}
{"class":"TSStatic","persistentId":"242cb28a-537c-455a-9c05-2bc415714c2e","__parent":"SimGroup_","position":[554.981995,686.121765,188.01741],"isRenderEnabled":false,"shapeName":"/art/aipacenotes/bng_copies/flagMarkerOrange.dae","useInstanceRenderData":true}
{"class":"TSStatic","persistentId":"2d87d15e-2abe-48b8-b3fb-447bc456199d","__parent":"SimGroup_","position":[275.13446,2.54271507,150.169464],"isRenderEnabled":false,"shapeName":"/art/aipacenotes/bng_copies/cone.dae","useInstanceRenderData":true}
{"class":"TSStatic","persistentId":"2df374b2-c2ee-4ea9-833e-555c2db1f19e","__parent":"SimGroup_","position":[-725.514893,-497.560516,186.71492],"isRenderEnabled":false,"rotationMatrix":[-0.527907014,-0.849302113,-0.000179544091,0.84112066,-0.522792339,-0.13857922,0.117601767,-0.0733079612,0.990351319],"shapeName":"/art/aipacenotes/bng_copies/cone.dae","useInstanceRenderData":true}
{"class":"TSStatic","persistentId":"2e51513a-e6ca-46ec-8bd1-88a952a6d3b9","__parent":"SimGroup_","position":[-615.239319,-636.151306,162.587219],"isRenderEnabled":false,"rotationMatrix":[0.295365512,0.95010215,0.100325115,-0.955282152,0.292165697,0.0455534831,0.0139689147,-0.109293722,0.993911326],"shapeName":"/art/aipacenotes/bng_copies/cone.dae","useInstanceRenderData":true}
{"class":"TSStatic","persistentId":"2fa35521-61fd-4509-9b66-8bcf40bf4ba7","__parent":"SimGroup_","position":[-608.409912,-636.744568,162.395905],"isRenderEnabled":false,"rotationMatrix":[-0.0679638386,0.990604937,0.118670329,-0.99729389,-0.0707967281,0.0198167041,0.0280319937,-0.117002375,0.992735922],"shapeName":"/art/aipacenotes/bng_copies/cone.dae","useInstanceRenderData":true}
{"class":"TSStatic","persistentId":"30a6b9fa-8c80-4d37-93cf-82e230c3d701","__parent":"SimGroup_","position":[-624.317871,-629.57782,163.496948],"isRenderEnabled":false,"rotationMatrix":[0.866269052,0.495572567,0.0631323457,-0.499577701,0.859324694,0.109467953,-1.86264515e-06,-0.12636821,0.991983414],"shapeName":"/art/aipacenotes/bng_copies/cone.dae","useInstanceRenderData":true}
{"class":"TSStatic","persistentId":"32c1d41a-e344-4487-9e50-2a3758b498f9","__parent":"SimGroup_","position":[-712.89679,-512.940308,184.027313],"isRenderEnabled":false,"rotationMatrix":[-0.578462958,-0.815586329,-0.0141271278,0.808814287,-0.571240902,-0.139654294,0.105830133,-0.0922110602,0.990099549],"shapeName":"/art/aipacenotes/bng_copies/cone.dae","useInstanceRenderData":true}
{"class":"TSStatic","persistentId":"32d17848-fc6f-48c2-b4c3-d3ab8a137767","__parent":"SimGroup_","position":[-784.993713,-443.104279,197.313538],"isRenderEnabled":false,"rotationMatrix":[-0.89314878,-0.4335832,0.119545557,0.426177561,-0.900812507,-0.0831249133,0.143729687,-0.0232952703,0.989342749],"shapeName":"/art/aipacenotes/bng_copies/cone.dae","useInstanceRenderData":true}
{"class":"TSStatic","persistentId":"3510106b-2291-47bd-8866-fc91ac6c6a9e","__parent":"SimGroup_","position":[-900.053406,516.985901,256.958679],"isRenderEnabled":false,"shapeName":"/art/aipacenotes/rally/signboards/signboard_radio_point_warning.dae","useInstanceRenderData":true}
{"class":"TSStatic","persistentId":"35891eac-b9dc-4d82-815f-52fef84f8f42","__parent":"SimGroup_","position":[-788.355408,-433.411865,198.030716],"isRenderEnabled":false,"rotationMatrix":[-0.95644486,-0.264224678,0.124090567,0.258108348,-0.964039207,-0.063312985,0.136357024,-0.0285265725,0.990248978],"shapeName":"/art/aipacenotes/bng_copies/cone.dae","useInstanceRenderData":true}
{"class":"TSStatic","persistentId":"39628b19-67d7-4c46-bb4b-5dd80a3b5993","__parent":"SimGroup_","position":[149.020203,-148.378891,140.644501],"isRenderEnabled":false,"shapeName":"/art/aipacenotes/bng_copies/cone.dae","useInstanceRenderData":true}
{"class":"TSStatic","persistentId":"3999f768-36fd-4d44-b626-dd09d67cb8e1","__parent":"SimGroup_","position":[425.798645,461.711731,180.462067],"isRenderEnabled":false,"shapeName":"/art/aipacenotes/bng_copies/cone.dae","useInstanceRenderData":true}
{"class":"TSStatic","persistentId":"3ad4500a-57dd-4dee-8bcd-08492ce96951","__parent":"SimGroup_","position":[357.421234,249.309219,160.477936],"isRenderEnabled":false,"shapeName":"/art/aipacenotes/bng_copies/cone.dae","useInstanceRenderData":true}
{"class":"TSStatic","persistentId":"3b204b86-119a-4094-b1d0-2eab7cc60d87","__parent":"SimGroup_","position":[-784.359497,-427.242493,197.71196],"isRenderEnabled":false,"rotationMatrix":[0.982322276,0.187197685,0,-0.187197685,0.982322276,0,0,0,1],"shapeName":"/art/aipacenotes/rally/signboards/signboard_stop.dae","useInstanceRenderData":true}
{"class":"TSStatic","persistentId":"3c874268-3692-4a62-92e5-8fa548de1938","__parent":"SimGroup_","position":[-672.949219,-544.719482,177.339249],"isRenderEnabled":false,"rotationMatrix":[-0.689467072,-0.722641587,-0.0492368527,0.722176313,-0.680616975,-0.123376422,0.0556454845,-0.120621674,0.991137743],"shapeName":"/art/aipacenotes/bng_copies/cone.dae","useInstanceRenderData":true}
{"class":"TSStatic","persistentId":"3d7bb634-7b02-47e3-b80f-1bdc473e9360","__parent":"SimGroup_","position":[548.554077,670.649475,191.027145],"isRenderEnabled":false,"shapeName":"/art/aipacenotes/bng_copies/flagMarkerOrange.dae","useInstanceRenderData":true}
{"class":"TSStatic","persistentId":"452e5e4a-7f06-4621-b506-f8567a720869","__parent":"SimGroup_","position":[-721.274353,-507.12442,185.479889],"isRenderEnabled":false,"rotationMatrix":[-0.564618945,-0.825345159,-0.00332497805,0.817195177,-0.558469415,-0.142492861,0.115748882,-0.0831713006,0.989790261],"shapeName":"/art/aipacenotes/bng_copies/cone.dae","useInstanceRenderData":true}
{"class":"TSStatic","persistentId":"468bb654-4ed8-42c6-923f-4fa9f9eb1e77","__parent":"SimGroup_","position":[354.707855,243.043549,160.086823],"isRenderEnabled":false,"shapeName":"/art/aipacenotes/bng_copies/cone.dae","useInstanceRenderData":true}
{"class":"TSStatic","persistentId":"4795bcee-c948-4627-b7cf-784ff04c40de","__parent":"SimGroup_","position":[-817.494507,76.8564224,253.005249],"isRenderEnabled":false,"shapeName":"/art/aipacenotes/bng_copies/cone.dae","useInstanceRenderData":true}
{"class":"TSStatic","persistentId":"47a686d4-e9b1-4939-9437-94d190e21906","__parent":"SimGroup_","position":[-750.642944,-480.158875,190.972565],"isRenderEnabled":false,"rotationMatrix":[-0.654753208,-0.754827738,0.0391556732,0.745140791,-0.65330255,-0.134018406,0.12674132,-0.0585724972,0.99020499],"shapeName":"/art/aipacenotes/bng_copies/cone.dae","useInstanceRenderData":true}
{"class":"TSStatic","persistentId":"47fbbf50-ef41-462f-91d8-1331dcdb12be","__parent":"SimGroup_","position":[-704.661499,-518.963806,182.608734],"isRenderEnabled":false,"rotationMatrix":[-0.6040833,-0.796542108,-0.0245782696,0.791332304,-0.595915198,-0.136668056,0.0942153037,-0.102008469,0.990311921],"shapeName":"/art/aipacenotes/bng_copies/cone.dae","useInstanceRenderData":true}
{"class":"TSStatic","persistentId":"489758eb-0129-4ae9-a900-ba2583e26ca5","__parent":"SimGroup_","position":[-622.981079,-631.432922,163.26091],"isRenderEnabled":false,"rotationMatrix":[0.728163123,0.684032738,0.043332532,-0.684480488,0.722446799,0.0977601036,0.0355656594,-0.100845568,0.994266212],"shapeName":"/art/aipacenotes/bng_copies/cone.dae","useInstanceRenderData":true}
{"class":"TSStatic","persistentId":"49e14dc9-d3e3-444d-afbb-989a13e5951c","__parent":"SimGroup_","position":[-775.710693,-448.094788,195.782227],"isRenderEnabled":false,"rotationMatrix":[-0.853297234,-0.507261813,0.120704539,0.495528519,-0.860937834,-0.11505603,0.162282616,-0.0383644328,0.985998213],"shapeName":"/art/aipacenotes/bng_copies/cone.dae","useInstanceRenderData":true}
{"class":"TSStatic","persistentId":"4b0e86b2-ffed-4ddf-acdf-ca066b46012f","__parent":"SimGroup_","position":[-760.546753,190.495193,262.89917],"isRenderEnabled":false,"rotationMatrix":[-0.999317884,0.024744276,0.0273992959,-0.0229510888,-0.997689962,0.0639316812,0.0289179552,0.0632592514,0.997578084],"shapeName":"/art/aipacenotes/rally/signboards/signboard_end_of_area.dae","useInstanceRenderData":true}
{"class":"TSStatic","persistentId":"4b76d604-648c-4ef8-b58c-9ed81eadfd5e","__parent":"SimGroup_","position":[-812.44342,81.7635727,253.315125],"isRenderEnabled":false,"shapeName":"/art/aipacenotes/bng_copies/cone.dae","useInstanceRenderData":true}
{"class":"TSStatic","persistentId":"4e880c92-4e22-45f8-8911-a7f7745b8f6c","__parent":"SimGroup_","position":[-788.654419,-428.12146,198.249847],"isRenderEnabled":false,"rotationMatrix":[0.977951825,0.208830744,0,-0.208830744,0.977951825,0,0,0,1],"shapeName":"/art/aipacenotes/rally/signboards/signboard_stop.dae","useInstanceRenderData":true}
{"class":"TSStatic","persistentId":"50502f0a-14d3-4bc4-81e4-86823652c930","__parent":"SimGroup_","position":[643.044495,786.805969,175.012863],"isRenderEnabled":false,"shapeName":"/art/aipacenotes/bng_copies/cone.dae","useInstanceRenderData":true}
{"class":"TSStatic","persistentId":"5089e912-5276-4dba-944e-d380d1c0043b","__parent":"SimGroup_","position":[-770.488953,-456.909241,194.707108],"isRenderEnabled":false,"rotationMatrix":[-0.841947794,-0.524537981,0.126426935,0.51556772,-0.851207972,-0.09815754,0.159102976,-0.0174618699,0.987107575],"shapeName":"/art/aipacenotes/bng_copies/cone.dae","useInstanceRenderData":true}
{"class":"TSStatic","persistentId":"52b89b29-6355-418a-853e-1150d19f17d3","__parent":"SimGroup_","position":[552.259766,674.950684,190.21434],"isRenderEnabled":false,"shapeName":"/art/aipacenotes/bng_copies/flagMarkerOrange.dae","useInstanceRenderData":true}
{"class":"TSStatic","persistentId":"53375640-f465-42d6-a697-8b47fabc808c","__parent":"SimGroup_","position":[544.809448,674.345459,190.715698],"isRenderEnabled":false,"shapeName":"/art/aipacenotes/bng_copies/flagMarkerOrange.dae","useInstanceRenderData":true}
{"class":"TSStatic","persistentId":"5337796f-7460-43fb-9fe3-c083a8b02857","__parent":"SimGroup_","position":[-696.572449,-525.190613,181.226303],"isRenderEnabled":false,"rotationMatrix":[-0.622292399,-0.776616633,-0.0980756804,0.78160876,-0.609595537,-0.132215723,0.0428944305,-0.158933654,0.986357033],"shapeName":"/art/aipacenotes/bng_copies/cone.dae","useInstanceRenderData":true}
{"class":"TSStatic","persistentId":"5564bf3e-d74c-47db-a6a0-320ea65bccab","__parent":"SimGroup_","position":[-755.678711,224.12616,264.994354],"isRenderEnabled":false,"rotationMatrix":[-0.980199218,0.197989345,-0.0029793405,-0.197988421,-0.980203748,-0.000601529959,-0.0030394583,2.55560735e-07,0.99999541],"shapeName":"/art/aipacenotes/rally/signboards/signboard_start.dae","useInstanceRenderData":true}
{"class":"TSStatic","persistentId":"56c458e5-ad21-48fe-aa7a-6ba2e4b562c3","__parent":"SimGroup_","position":[-665.895203,-552.113342,176.073364],"isRenderEnabled":false,"rotationMatrix":[-0.757385731,-0.640622973,-0.12636885,0.652828932,-0.746899962,-0.126312971,-0.0134658813,-0.17816487,0.983908534],"shapeName":"/art/aipacenotes/bng_copies/cone.dae","useInstanceRenderData":true}
{"class":"TSStatic","persistentId":"58126954-7a49-4fcb-b0ad-5bb672d6e192","__parent":"SimGroup_","position":[-935.139038,308.518982,261.343353],"isRenderEnabled":false,"shapeName":"/art/aipacenotes/bng_copies/cone.dae","useInstanceRenderData":true}
{"class":"TSStatic","persistentId":"597804c6-73ec-42e2-9e78-81cb5caab37c","__parent":"SimGroup_","position":[646.742615,783.135559,175.010788],"isRenderEnabled":false,"shapeName":"/art/aipacenotes/bng_copies/cone.dae","useInstanceRenderData":true}
{"class":"TSStatic","persistentId":"5e6b9fb1-f3b4-46b3-9a2e-6b11e19a02e3","__parent":"SimGroup_","position":[-894.532776,454.43808,254.43515],"isRenderEnabled":false,"shapeName":"/art/aipacenotes/bng_copies/cone.dae","useInstanceRenderData":true}
{"class":"TSStatic","persistentId":"60af6d18-19b1-49fd-8840-b6c3ff80a239","__parent":"SimGroup_","position":[-762.159363,-476.958221,192.687103],"isRenderEnabled":false,"rotationMatrix":[-0.747623324,-0.660695434,0.0673855022,0.650145292,-0.748818636,-0.128769949,0.135537237,-0.0524610542,0.989382386],"shapeName":"/art/aipacenotes/bng_copies/cone.dae","useInstanceRenderData":true}
{"class":"TSStatic","persistentId":"615cad32-cf7b-4920-bd20-6167f33b84a0","__parent":"SimGroup_","position":[-780.450378,-439.007782,196.763245],"isRenderEnabled":false,"rotationMatrix":[-0.910720229,-0.394849598,0.121171758,0.387297273,-0.918337941,-0.0815861821,0.143490896,-0.0273726899,0.989273012],"shapeName":"/art/aipacenotes/bng_copies/cone.dae","useInstanceRenderData":true}
{"class":"TSStatic","persistentId":"63d950ff-7d90-4ec1-a084-acf78e3d73cc","__parent":"SimGroup_","position":[-314.445221,-407.348785,133.576065],"isRenderEnabled":false,"rotationMatrix":[-0.55807209,0.829553068,-0.019930739,-0.829531252,-0.558338046,-0.0116826417,-0.0208194628,0.0100134136,0.99973309],"shapeName":"/art/aipacenotes/bng_copies/cone.dae","useInstanceRenderData":true}
{"class":"TSStatic","persistentId":"6b218de6-5ccd-4c00-ba8f-9b4bf96517c2","__parent":"SimGroup_","position":[541.51947,670.544312,191.362335],"isRenderEnabled":false,"shapeName":"/art/aipacenotes/bng_copies/flagMarkerOrange.dae","useInstanceRenderData":true}
{"class":"TSStatic","persistentId":"6ec61087-03fb-42c5-b984-5a59ae1c51fc","__parent":"SimGroup_","position":[-768.66864,-469.082611,193.993164],"isRenderEnabled":false,"rotationMatrix":[-0.771434546,-0.631158531,0.0807936713,0.620362818,-0.774262428,-0.125170425,0.141557887,-0.0464393981,0.988840103],"shapeName":"/art/aipacenotes/bng_copies/cone.dae","useInstanceRenderData":true}
{"class":"TSStatic","persistentId":"6f4401c2-a944-449b-bec5-4a4d1761ebad","__parent":"SimGroup_","position":[-826.85199,60.7137756,251.867401],"isRenderEnabled":false,"shapeName":"/art/aipacenotes/bng_copies/cone.dae","useInstanceRenderData":true}
{"class":"TSStatic","persistentId":"71f868aa-3e29-483b-a9be-647470e42409","__parent":"SimGroup_","position":[267.750244,-36.4580841,149.177841],"isRenderEnabled":false,"shapeName":"/art/aipacenotes/bng_copies/cone.dae","useInstanceRenderData":true}
{"class":"TSStatic","persistentId":"72dabe1e-b6da-4391-9f13-2fe4940e2148","__parent":"SimGroup_","position":[960.529724,732.419556,236.376648],"isRenderEnabled":false,"shapeName":"/art/aipacenotes/bng_copies/cone.dae","useInstanceRenderData":true}
{"class":"TSStatic","persistentId":"7498f60d-0005-4304-b980-ecfdfbff5016","__parent":"SimGroup_","position":[-674.93927,-531.887695,178.921509],"isRenderEnabled":false,"rotationMatrix":[-0.664516807,-0.746770084,-0.0274235401,0.743727386,-0.657346964,-0.121510267,0.0727134496,-0.101141229,0.992211282],"shapeName":"/art/aipacenotes/bng_copies/cone.dae","useInstanceRenderData":true}
{"class":"TSStatic","persistentId":"75a42b39-690c-454b-b100-9f9e0f2b5ea9","__parent":"SimGroup_","position":[145.541199,-135.881454,140.524399],"isRenderEnabled":false,"shapeName":"/art/aipacenotes/bng_copies/cone.dae","useInstanceRenderData":true}
{"class":"TSStatic","persistentId":"79a53a75-3063-4e2a-a5d9-921c8ee23c62","__parent":"SimGroup_","position":[-765.902832,190.81897,262.654724],"isRenderEnabled":false,"rotationMatrix":[-0.987232685,0.159105271,-0.00759169087,-0.159282863,-0.985776424,0.0536124818,0.00104631972,0.0541372038,0.998532951],"shapeName":"/art/aipacenotes/rally/signboards/signboard_end_of_area.dae","useInstanceRenderData":true}
{"class":"TSStatic","persistentId":"7ab53bdd-20d9-4c6a-8556-d9cd0c62f914","__parent":"SimGroup_","position":[266.995941,-25.4924831,149.52005],"isRenderEnabled":false,"shapeName":"/art/aipacenotes/bng_copies/cone.dae","useInstanceRenderData":true}
{"class":"TSStatic","persistentId":"7ac34bb0-b1e2-46ef-bfef-0cfc7de9e644","__parent":"SimGroup_","position":[-606.117737,-636.543945,162.42128],"isRenderEnabled":false,"rotationMatrix":[-0.0999221802,0.989636421,0.103127226,-0.99488306,-0.0978164673,-0.0252900198,-0.0149403811,-0.105126567,0.994346619],"shapeName":"/art/aipacenotes/bng_copies/cone.dae","useInstanceRenderData":true}
{"class":"TSStatic","persistentId":"7aef7664-c34f-42fc-bd45-558770787fc5","__parent":"SimGroup_","position":[555.549744,678.751831,189.373779],"isRenderEnabled":false,"shapeName":"/art/aipacenotes/bng_copies/flagMarkerOrange.dae","useInstanceRenderData":true}
{"class":"TSStatic","persistentId":"7be4bef4-63f8-40ff-acca-fac04e3f9688","__parent":"SimGroup_","position":[-296.854858,-395.509094,133.802689],"isRenderEnabled":false,"rotationMatrix":[-0.558750153,0.826480865,0.0687571988,-0.82922101,-0.558129787,-0.0297251884,0.0138081387,-0.0736238733,0.997190475],"shapeName":"/art/aipacenotes/bng_copies/cone.dae","useInstanceRenderData":true}
{"class":"TSStatic","persistentId":"7dffa30f-c14b-41a8-88c4-03e3b7bba208","__parent":"SimGroup_","position":[-323.239655,-413.268127,133.378372],"isRenderEnabled":false,"rotationMatrix":[-0.556880236,0.829356313,-0.0453059413,-0.829337835,-0.558208346,-0.0245395433,-0.0456421785,0.0239083488,0.99867171],"shapeName":"/art/aipacenotes/bng_copies/cone.dae","useInstanceRenderData":true}
{"class":"TSStatic","persistentId":"7fdf45b7-408b-4821-8fcc-3b22944ac4df","__parent":"SimGroup_","position":[932.69165,802.536499,246.056671],"isRenderEnabled":false,"rotationMatrix":[-0.930570841,-0.366112739,0,0.366112739,-0.930570841,0,0,0,1],"shapeName":"/art/aipacenotes/rally/signboards/signboard_radio_point_warning.dae","useInstanceRenderData":true}
{"class":"TSStatic","persistentId":"82a6aaf8-4ef9-452c-95fa-821352b32ae7","__parent":"SimGroup_","position":[437.038086,497.263245,183.647583],"isRenderEnabled":false,"shapeName":"/art/aipacenotes/bng_copies/cone.dae","useInstanceRenderData":true}
{"class":"TSStatic","persistentId":"8403577a-a22c-454e-a9f6-c257dc5e8b91","__parent":"SimGroup_","position":[-764.674377,-465.325134,193.566162],"isRenderEnabled":false,"rotationMatrix":[-0.765656352,-0.637801468,0.0835434869,0.628343403,-0.769376516,-0.115082756,0.137676358,-0.0356198438,0.989836574],"shapeName":"/art/aipacenotes/bng_copies/cone.dae","useInstanceRenderData":true}
{"class":"TSStatic","persistentId":"8443f53d-6cdf-492b-a90a-1c14e7db1f6f","__parent":"SimGroup_","position":[-318.842926,-410.308777,133.514496],"isRenderEnabled":false,"rotationMatrix":[-0.557774425,0.829367578,-0.0322080925,-0.829531252,-0.558338165,-0.0116826426,-0.0276722088,0.0202013422,0.999412894],"shapeName":"/art/aipacenotes/bng_copies/cone.dae","useInstanceRenderData":true}
{"class":"TSStatic","persistentId":"85c12359-f7bd-4167-ab33-c20ec9de98bc","__parent":"SimGroup_","position":[-754.980591,-484.204315,191.304581],"isRenderEnabled":false,"rotationMatrix":[-0.660395622,-0.749865174,0.0397484414,0.739706397,-0.658736348,-0.137480527,0.129275605,-0.0613893531,0.989706635],"shapeName":"/art/aipacenotes/bng_copies/cone.dae","useInstanceRenderData":true}
{"class":"TSStatic","persistentId":"868c25d7-58cf-46fa-8b00-2ba637bf35b4","__parent":"SimGroup_","position":[933.317749,802.824097,246.101807],"isRenderEnabled":false,"rotationMatrix":[-0.92850399,-0.37132296,0,0.37132296,-0.92850399,0,0,0,1],"shapeName":"/art/aipacenotes/rally/signboards/signboard_medical_warning.dae","useInstanceRenderData":true}
{"class":"TSStatic","persistentId":"870b975b-bd33-4933-8a51-22e1c6550c99","__parent":"SimGroup_","position":[-885.812988,601.63324,263.410034],"isRenderEnabled":false,"shapeName":"/art/aipacenotes/bng_copies/cone.dae","useInstanceRenderData":true}
{"class":"TSStatic","persistentId":"87c221e4-692c-4607-840f-87fc94f44283","__parent":"SimGroup_","position":[53.0598068,870.757751,267.50882],"isRenderEnabled":false,"shapeName":"/art/aipacenotes/bng_copies/cone.dae","useInstanceRenderData":true}
{"class":"TSStatic","persistentId":"892ca7e0-f5f9-4b1d-b6e4-e55161f2e251","__parent":"SimGroup_","position":[-780.035645,-452.076569,196.349976],"isRenderEnabled":false,"rotationMatrix":[-0.842516899,-0.52570039,0.1174924,0.516146123,-0.850263715,-0.103174046,0.154138148,-0.0262826271,0.987699687],"shapeName":"/art/aipacenotes/bng_copies/cone.dae","useInstanceRenderData":true}
{"class":"TSStatic","persistentId":"8ab41161-c419-437f-baf0-b5994e467f80","__parent":"SimGroup_","position":[-628.288879,-621.34491,164.520737],"isRenderEnabled":false,"rotationMatrix":[0.885858059,0.418894678,-0.199456111,-0.408406168,0.908034205,0.093157202,0.220136032,-0.00106495246,0.975468636],"shapeName":"/art/aipacenotes/bng_copies/cone.dae","useInstanceRenderData":true}
{"class":"TSStatic","persistentId":"8d91e84a-577d-4b1c-a2d7-ed09b65f3ec0","__parent":"SimGroup_","position":[427.456055,499.664093,183.854752],"isRenderEnabled":false,"shapeName":"/art/aipacenotes/bng_copies/cone.dae","useInstanceRenderData":true}
{"class":"TSStatic","persistentId":"8edd59d6-92a7-4687-b1ab-ceb3e2bc1907","__parent":"SimGroup_","position":[958.499695,737.85199,236.368439],"isRenderEnabled":false,"rotationMatrix":[-0.993459105,0.114191331,0,-0.114191331,-0.993459105,0,0,0,1],"shapeName":"/art/aipacenotes/rally/signboards/signboard_medical_point.dae","useInstanceRenderData":true}
{"class":"TSStatic","persistentId":"8fc27b72-94cb-48c0-b86c-b15ae351685d","__parent":"SimGroup_","position":[134.729141,-137.357544,140.406998],"isRenderEnabled":false,"shapeName":"/art/aipacenotes/bng_copies/cone.dae","useInstanceRenderData":true}
{"class":"TSStatic","persistentId":"904e4b44-7867-45a5-993d-640cecdce46b","__parent":"SimGroup_","position":[439.786865,504.477692,184.411835],"isRenderEnabled":false,"shapeName":"/art/aipacenotes/bng_copies/cone.dae","useInstanceRenderData":true}
{"class":"TSStatic","persistentId":"9185c99d-a315-4656-8807-a987fe585f5b","__parent":"SimGroup_","position":[-625.428223,-627.578186,163.747787],"isRenderEnabled":false,"rotationMatrix":[0.885438859,0.45765543,0.0809293538,-0.464259267,0.879027545,0.108507596,-0.0214800388,-0.133649036,0.99079591],"shapeName":"/art/aipacenotes/bng_copies/cone.dae","useInstanceRenderData":true}
{"class":"TSStatic","persistentId":"91afa64f-2146-4700-88cf-21cead0d980e","__parent":"SimGroup_","position":[-613.002441,-636.672363,162.500931],"isRenderEnabled":false,"rotationMatrix":[0.116635203,0.987388313,0.10705395,-0.99307996,0.114454985,0.0263094008,0.0137247331,-0.109381735,0.993905067],"shapeName":"/art/aipacenotes/bng_copies/cone.dae","useInstanceRenderData":true}
{"class":"TSStatic","persistentId":"91fb7e6d-5f9f-41a4-ba47-5e24792e959b","__parent":"SimGroup_","position":[569.012268,694.329285,185.19696],"isRenderEnabled":false,"shapeName":"/art/aipacenotes/bng_copies/flagMarkerOrange.dae","useInstanceRenderData":true}
{"class":"TSStatic","persistentId":"959765b3-6c94-4574-a8f5-2ccdf47416b6","__parent":"SimGroup_","position":[268.454224,-46.3546104,148.976532],"isRenderEnabled":false,"shapeName":"/art/aipacenotes/bng_copies/cone.dae","useInstanceRenderData":true}
{"class":"TSStatic","persistentId":"96e24694-0622-425e-918b-d5f98961c75a","__parent":"SimGroup_","position":[-887.172058,598.640381,263.119446],"isRenderEnabled":false,"shapeName":"/art/aipacenotes/rally/signboards/signboard_radio_point.dae","useInstanceRenderData":true}
{"class":"TSStatic","persistentId":"99147ff8-a4d8-44aa-9d1e-91af93431c12","__parent":"SimGroup_","position":[-682.657898,-525.177124,180.155457],"isRenderEnabled":false,"rotationMatrix":[-0.645520806,-0.762821019,-0.0375116616,0.760910332,-0.638124466,-0.117527254,0.065715149,-0.104409285,0.99236095],"shapeName":"/art/aipacenotes/bng_copies/cone.dae","useInstanceRenderData":true}
{"class":"TSStatic","persistentId":"9b62ec51-cdcd-4e4c-912b-2ab4780607f0","__parent":"SimGroup_","position":[-699.042297,-512.977539,182.688385],"isRenderEnabled":false,"rotationMatrix":[-0.540162086,-0.840961695,-0.0317538753,0.836777806,-0.532692313,-0.126656666,0.0895983577,-0.0949860811,0.99143821],"shapeName":"/art/aipacenotes/bng_copies/cone.dae","useInstanceRenderData":true}
{"class":"TSStatic","persistentId":"9c00dd39-f7a2-4bd9-8169-ca8d709c4ec3","__parent":"SimGroup_","position":[776.606506,854.237671,188.917938],"isRenderEnabled":false,"rotationMatrix":[0.832054734,-0.55469358,0,0.55469358,0.832054734,0,0,0,1],"shapeName":"/art/aipacenotes/bng_copies/flagMarkerOrange.dae","useInstanceRenderData":true}
{"class":"TSStatic","persistentId":"9cc2fc4b-eac2-4992-9973-1c9c1f891fd2","__parent":"SimGroup_","position":[-879.289978,581.855469,261.767517],"isRenderEnabled":false,"shapeName":"/art/aipacenotes/bng_copies/cone.dae","useInstanceRenderData":true}
{"class":"TSStatic","persistentId":"9d3c1576-b300-44e4-a8a8-6140fd92efea","__parent":"SimGroup_","position":[960.556519,726.109375,236.170609],"isRenderEnabled":false,"shapeName":"/art/aipacenotes/bng_copies/cone.dae","useInstanceRenderData":true}
{"class":"TSStatic","persistentId":"9ecb40ec-ee7d-49b9-8943-64e2436b607d","__parent":"SimGroup_","position":[-336.431091,-422.146973,133.074585],"isRenderEnabled":false,"rotationMatrix":[-0.558556914,0.829221725,0.0201395229,-0.829460025,-0.558294177,-0.0174289886,-0.00320871826,-0.0264400113,0.999645233],"shapeName":"/art/aipacenotes/bng_copies/cone.dae","useInstanceRenderData":true}
{"class":"TSStatic","persistentId":"a079665d-455f-407e-acf8-9aac58ba363a","__parent":"SimGroup_","position":[267.134796,-31.4470196,149.202072],"isRenderEnabled":false,"shapeName":"/art/aipacenotes/bng_copies/cone.dae","useInstanceRenderData":true}
{"class":"TSStatic","persistentId":"a0e9b855-4c46-4c67-9e8b-2d05ad7cc08e","__parent":"SimGroup_","position":[-659.789062,-545.639282,176.516144],"isRenderEnabled":false,"rotationMatrix":[-0.697049022,-0.715886712,-0.04035962,0.714960337,-0.689674616,-0.114806905,0.0543537326,-0.108881563,0.992567599],"shapeName":"/art/aipacenotes/bng_copies/cone.dae","useInstanceRenderData":true}
{"class":"TSStatic","persistentId":"a271680f-2b6e-471d-bb17-2b2b67554842","__parent":"SimGroup_","position":[-627.365479,-623.435852,164.254181],"isRenderEnabled":false,"rotationMatrix":[0.909455955,0.408931494,-0.0752657726,-0.399372101,0.909472108,0.115596034,0.115722977,-0.0750704482,0.990440607],"shapeName":"/art/aipacenotes/bng_copies/cone.dae","useInstanceRenderData":true}
{"class":"TSStatic","persistentId":"a2d5b640-649e-45cd-8631-2a35dbfbfe7b","__parent":"SimGroup_","position":[-617.39386,-635.354431,162.704468],"isRenderEnabled":false,"rotationMatrix":[0.405245066,0.910289168,0.0845577121,-0.914060116,0.40177846,0.0553912297,0.0164485686,-0.0997378603,0.994877756],"shapeName":"/art/aipacenotes/bng_copies/cone.dae","useInstanceRenderData":true}
{"class":"TSStatic","persistentId":"a33938a4-28cf-4290-99a0-b03963a73b9e","__parent":"SimGroup_","position":[-688.566528,-531.53418,179.889313],"isRenderEnabled":false,"rotationMatrix":[-0.631707072,-0.770495832,-0.0853358135,0.77382642,-0.620182514,-0.128709733,0.046246551,-0.147341967,0.98800385],"shapeName":"/art/aipacenotes/bng_copies/cone.dae","useInstanceRenderData":true}
{"class":"TSStatic","persistentId":"a4beece6-e876-49ac-a004-77b5d6fc6d33","__parent":"SimGroup_","position":[184.33255,890.461548,264.751068],"isRenderEnabled":false,"shapeName":"/art/aipacenotes/bng_copies/cone.dae","useInstanceRenderData":true}
{"class":"TSStatic","persistentId":"a4f056a1-cc27-4687-822c-eb1444435370","__parent":"SimGroup_","position":[277.237946,-3.57650757,150.23114],"isRenderEnabled":false,"shapeName":"/art/aipacenotes/bng_copies/cone.dae","useInstanceRenderData":true}
{"class":"TSStatic","persistentId":"a940222a-990e-4e98-8711-b41af2c3df8a","__parent":"SimGroup_","position":[-305.649506,-401.428589,133.652954],"isRenderEnabled":false,"rotationMatrix":[-0.558380365,0.829580009,0.00294549507,-0.829584062,-0.558369994,-0.00367013854,-0.00139999739,-0.0044928682,0.999988914],"shapeName":"/art/aipacenotes/bng_copies/cone.dae","useInstanceRenderData":true}
{"class":"TSStatic","persistentId":"a9a3f0c3-eda5-466a-aff7-599459035acb","__parent":"SimGroup_","position":[548.515137,678.646667,189.851624],"isRenderEnabled":false,"shapeName":"/art/aipacenotes/bng_copies/flagMarkerOrange.dae","useInstanceRenderData":true}
{"class":"TSStatic","persistentId":"a9ab5ed6-a6dc-4bd1-a6bb-3b933941df24","__parent":"SimGroup_","position":[-738.311096,-495.919708,188.407928],"isRenderEnabled":false,"rotationMatrix":[-0.531398892,-0.847107291,0.00492747873,0.838241339,-0.526659489,-0.141355038,0.12233799,-0.070985496,0.989946723],"shapeName":"/art/aipacenotes/bng_copies/cone.dae","useInstanceRenderData":true}
{"class":"TSStatic","persistentId":"aa368e41-9c4c-4cd6-9b6f-dada96f93122","__parent":"SimGroup_","position":[956.171875,752.712769,237.210449],"isRenderEnabled":false,"shapeName":"/art/aipacenotes/bng_copies/cone.dae","useInstanceRenderData":true}
{"class":"TSStatic","persistentId":"aaad59be-cb37-4c35-bd8e-a9011920c03e","__parent":"SimGroup_","position":[-716.749756,-502.789124,185.327545],"isRenderEnabled":false,"rotationMatrix":[-0.4973737,-0.867383957,-0.0162625425,0.860921264,-0.491183877,-0.132487804,0.106929898,-0.0798967108,0.991051197],"shapeName":"/art/aipacenotes/bng_copies/cone.dae","useInstanceRenderData":true}
{"class":"TSStatic","persistentId":"ad367f50-ed9f-4b00-a6f4-a52864836311","__parent":"SimGroup_","position":[352.860962,240.879349,159.966705],"isRenderEnabled":false,"shapeName":"/art/aipacenotes/bng_copies/cone.dae","useInstanceRenderData":true}
{"class":"TSStatic","persistentId":"af8adc41-0f39-4660-bf5e-4174e9189bd3","__parent":"SimGroup_","position":[356.156036,246.039871,160.272003],"isRenderEnabled":false,"shapeName":"/art/aipacenotes/bng_copies/cone.dae","useInstanceRenderData":true}
{"class":"TSStatic","persistentId":"afe64274-127b-4309-9d80-f4a767e611c5","__parent":"SimGroup_","position":[-935.250854,293.886078,261.216125],"isRenderEnabled":false,"shapeName":"/art/aipacenotes/bng_copies/cone.dae","useInstanceRenderData":true}
{"class":"TSStatic","persistentId":"b020b57f-0689-404f-ac8c-94689a07e5e3","__parent":"SimGroup_","position":[142.1577,-136.527832,140.519455],"isRenderEnabled":false,"shapeName":"/art/aipacenotes/bng_copies/cone.dae","useInstanceRenderData":true}
{"class":"TSStatic","persistentId":"b03f3e3a-e495-4117-94c0-09fd07c2c1ef","__parent":"SimGroup_","position":[138.208145,-149.85498,140.381714],"isRenderEnabled":false,"shapeName":"/art/aipacenotes/bng_copies/cone.dae","useInstanceRenderData":true}
{"class":"TSStatic","persistentId":"b19b2bc0-a238-4ec2-93c1-57448909ab51","__parent":"SimGroup_","position":[-734.177185,-492.1698,188.148285],"isRenderEnabled":false,"rotationMatrix":[-0.533736348,-0.845634222,0.00532201678,0.837801099,-0.529626966,-0.132606968,0.114955664,-0.066318363,0.991154432],"shapeName":"/art/aipacenotes/bng_copies/cone.dae","useInstanceRenderData":true}
{"class":"TSStatic","persistentId":"b21d1558-fc0d-441a-aa99-cd2b2dd715e1","__parent":"SimGroup_","position":[-20.9485111,873.849243,268.200897],"isRenderEnabled":false,"shapeName":"/art/aipacenotes/bng_copies/cone.dae","useInstanceRenderData":true}
{"class":"TSStatic","persistentId":"b7004183-760d-4357-a9e9-033c043d83bf","__parent":"SimGroup_","position":[-757.928589,-473.002563,192.310669],"isRenderEnabled":false,"rotationMatrix":[-0.723445058,-0.687448442,0.063575469,0.676635325,-0.724312425,-0.132424012,0.137083173,-0.052784089,0.989152193],"shapeName":"/art/aipacenotes/bng_copies/cone.dae","useInstanceRenderData":true}
{"class":"TSStatic","persistentId":"b960b9fa-855b-40ca-91c8-0d38dfdcf1b2","__parent":"SimGroup_","position":[430.204834,506.87854,184.709488],"isRenderEnabled":false,"shapeName":"/art/aipacenotes/bng_copies/cone.dae","useInstanceRenderData":true}
{"class":"TSStatic","persistentId":"badcf50e-615d-4271-a6e1-e089b4b390af","__parent":"SimGroup_","position":[-774.588562,-460.746338,195.22139],"isRenderEnabled":false,"rotationMatrix":[-0.825184941,-0.554905653,0.105591968,0.544245601,-0.831094503,-0.114362314,0.151217178,-0.0369020887,0.987811506],"shapeName":"/art/aipacenotes/bng_copies/cone.dae","useInstanceRenderData":true}
{"class":"TSStatic","persistentId":"bc15c8c5-f6e4-48b1-94ed-6ce7f102149e","__parent":"SimGroup_","position":[-828.666138,65.9855728,251.64241],"isRenderEnabled":false,"shapeName":"/art/aipacenotes/bng_copies/cone.dae","useInstanceRenderData":true}
{"class":"TSStatic","persistentId":"bc2d5c80-042a-46fa-9778-d0f64f02187c","__parent":"SimGroup_","position":[-805.365356,91.3786774,254.539764],"isRenderEnabled":false,"shapeName":"/art/aipacenotes/bng_copies/cone.dae","useInstanceRenderData":true}
{"class":"TSStatic","persistentId":"bdc31b94-d1c6-4e61-b882-f7e6f46d98be","__parent":"SimGroup_","position":[-647.31012,-574.361572,172.130676],"isRenderEnabled":false,"rotationMatrix":[0.835020304,0.550218999,0,-0.550218999,0.835020304,0,0,0,0.999999881],"shapeName":"/art/aipacenotes/rally/signboards/signboard_finish.dae","useInstanceRenderData":true}
{"class":"TSStatic","persistentId":"c1dfe1d1-7c88-465b-bd51-6eb94aecfcea","__parent":"SimGroup_","position":[-327.636566,-416.22757,133.26767],"isRenderEnabled":false,"rotationMatrix":[-0.557159066,0.829388618,-0.0410872884,-0.829389572,-0.558242679,-0.0218609683,-0.0410679244,0.0218973309,0.998916388],"shapeName":"/art/aipacenotes/bng_copies/cone.dae","useInstanceRenderData":true}
{"class":"TSStatic","persistentId":"c3cad72d-a085-443a-b4ff-4f6662a9c141","__parent":"SimGroup_","position":[-585.394348,-633.367004,162.504425],"isRenderEnabled":false,"rotationMatrix":[-0.264958143,0.964259863,0,-0.964259863,-0.264958143,0,0,0,1],"shapeName":"/art/aipacenotes/rally/signboards/signboard_finish_entry.dae","useInstanceRenderData":true}
{"class":"TSStatic","persistentId":"c464b524-1b97-4ac6-bc14-ac47eeea7413","__parent":"SimGroup_","position":[-885.192749,609.112488,264.010925],"isRenderEnabled":false,"shapeName":"/art/aipacenotes/bng_copies/cone.dae","useInstanceRenderData":true}
