{"class":"DecalRoad","persistentId":"07d83cff-73a2-43ef-a500-cf29c22b04fa","__parent":"SimGroup_","position":[-374.908875,-198.572769,27.3511658],"improvedSpline":true,"material":"track_rubber","nodes":[[-374.908875,-198.572769,27.3511658,4],[-359.927246,-186.340424,27.4240932,4],[-348.73822,-195.382782,26.7838211,4],[-343.571106,-187.459686,26.0291748,4],[-350.029053,-170.862457,25.626564,4]],"startEndFade":[15,15],"textureLength":20}
{"class":"DecalRoad","persistentId":"0a178e01-03d0-4336-86a6-104b787d11ee","__parent":"SimGroup_","position":[-347.254852,-175.158966,25.742281],"improvedSpline":true,"material":"track_rubber","nodes":[[-347.254852,-175.158966,25.742281,4],[-356.976471,-153.315582,24.8341236,4],[-348.725342,-150.45253,24.0927582,4],[-334.030792,-163.524582,22.9496822,4]],"startEndFade":[15,15],"textureLength":20}
{"class":"DecalRoad","persistentId":"167b049a-c860-4c23-be43-bab7945584fc","__parent":"SimGroup_","position":[-497.947327,-148.635437,48.7709007],"improvedSpline":true,"material":"track_rubber","nodes":[[-497.947327,-148.635437,48.7709007,4],[-496.149445,-130.991486,48.8179474,4],[-486.292511,-115.238091,44.423954,4]],"startEndFade":[15,15],"textureLength":20}
{"class":"DecalRoad","persistentId":"37361c08-e4c5-471b-b1a9-de3f16ae5f59","__parent":"SimGroup_","position":[-439.759705,-61.583828,31.1440163],"improvedSpline":true,"material":"track_rubber","nodes":[[-439.759705,-61.583828,31.1440163,4],[-428.460022,-47.4277153,31.0058594,4]],"startEndFade":[15,1],"textureLength":20}
{"class":"DecalRoad","persistentId":"37aae533-ffcc-42fd-aee7-33be13d022e8","__parent":"SimGroup_","position":[-342.838593,-329.773651,31.1093502],"improvedSpline":true,"material":"track_rubber","nodes":[[-342.838593,-329.773651,31.1093502,4],[-356.770813,-331.780212,33.1717377,4],[-366.21106,-320.572327,33.517807,4],[-379.056091,-300.650391,34.2957726,4]],"startEndFade":[15,15],"textureLength":20}
{"class":"DecalRoad","persistentId":"3ab7bb07-6010-4d72-b520-28240573b82e","__parent":"SimGroup_","position":[-457.029449,-119.075821,37.2368088],"improvedSpline":true,"material":"track_rubber","nodes":[[-457.029449,-119.075821,37.2368088,4],[-456.184052,-103.575874,35.641964,4],[-447.983337,-103.953453,35.1320114,4],[-440.885437,-113.768524,34.2841263,4]],"startEndFade":[15,15],"textureLength":20}
{"class":"DecalRoad","persistentId":"42759f9f-4c59-42c0-ae90-971281ab34dc","__parent":"SimGroup_","position":[-436.843109,-60.4835243,31.0376968],"improvedSpline":true,"material":"track_rubber","nodes":[[-436.843109,-60.4835243,31.0376968,4],[-427.796661,-49.1281319,31.0058594,4]],"startEndFade":[15,1],"textureLength":20}
{"class":"DecalRoad","persistentId":"4a8ba460-83df-4157-9850-b836176f28a8","__parent":"SimGroup_","position":[-488.725006,-180.707489,46.8157425],"improvedSpline":true,"material":"track_rubber","nodes":[[-488.725006,-180.707489,46.8157425,4],[-486.174194,-203.226715,45.7446404,4],[-477.826202,-201.908524,45.0893211,4],[-468.606659,-185.290375,42.8066826,4]],"startEndFade":[20,20],"textureLength":20}
{"class":"DecalRoad","persistentId":"4bbfb60a-1ff3-48d8-acf0-6610fbe24fb6","__parent":"SimGroup_","position":[-445.152466,-71.3456879,32.1382141],"improvedSpline":true,"material":"track_rubber","nodes":[[-445.152466,-71.3456879,32.1382141,4],[-427.642059,-48.4900665,31.0058594,4]],"startEndFade":[15,1],"textureLength":20}
{"class":"DecalRoad","persistentId":"4dc757ee-7423-4029-8d30-2ee638b3aef9","__parent":"SimGroup_","position":[-430.490631,-47.0325317,31.0058594],"improvedSpline":true,"material":"track_rubber","nodes":[[-430.490631,-47.0325317,31.0058594,4],[-440.471405,-61.2326736,31.1190376,4]],"startEndFade":[1,15],"textureLength":20}
{"class":"DecalRoad","persistentId":"4e8bde50-76a7-456b-80da-5275c4b331a9","__parent":"SimGroup_","position":[-346.586151,-298.492188,29.1138287],"improvedSpline":true,"material":"track_rubber","nodes":[[-346.586151,-298.492188,29.1138287,4],[-346.92041,-281.414551,28.826252,4],[-341.341949,-266.314606,27.5871601,4],[-354.222046,-258.880798,27.9770374,4]],"startEndFade":[15,15],"textureLength":20}
{"class":"DecalRoad","persistentId":"5da73d52-0fc1-474d-8861-a593efe9c79d","__parent":"SimGroup_","position":[-340.715454,-304.622314,29.3073387],"improvedSpline":true,"material":"track_rubber","nodes":[[-340.715454,-304.622314,29.3073387,4],[-338.960815,-316.833679,29.5970325,4],[-342.634399,-326.770081,30.8154316,4],[-352.492004,-334.599762,32.9211082,4]],"startEndFade":[15,15],"textureLength":20}
{"class":"DecalRoad","persistentId":"671af3e4-34f8-4dbf-a62f-023ca38e064f","__parent":"SimGroup_","position":[-457.242065,-121.44455,37.4034004],"improvedSpline":true,"material":"track_rubber","nodes":[[-457.242065,-121.44455,37.4034004,4],[-455.998322,-106.521393,36.021122,4],[-447.443573,-103.208275,35.1319351,4],[-439.187836,-117.649803,33.6581154,4]],"startEndFade":[15,15],"textureLength":20}
{"class":"DecalRoad","persistentId":"7fbc8bae-2e9f-4cd4-8f1f-e75ca0caaf00","__parent":"SimGroup_","position":[-359.568359,-186.847778,27.4085159],"improvedSpline":true,"material":"track_rubber","nodes":[[-359.568359,-186.847778,27.4085159,4],[-348.957001,-195.461136,26.7985783,4],[-342.355408,-191.602692,26.1988468,4],[-348.646851,-175.686935,25.7471867,4]],"startEndFade":[15,15],"textureLength":20}
{"class":"DecalRoad","persistentId":"85fbe5cb-a659-4a7c-9b6c-ac9fe2109ff6","__parent":"SimGroup_","position":[59.0080872,-398.085876,18.7896614],"improvedSpline":true,"material":"track_rubber","nodes":[[59.0080872,-398.085876,18.7896614,4],[53.8290329,-409.813385,18.1288776,4],[46.9452209,-412.608521,17.9404831,4],[41.3430328,-401.271912,17.9184647,4]],"startEndFade":[15,15],"textureLength":20}
{"class":"DecalRoad","persistentId":"8d5353bf-0d4f-4395-8218-18b72d59f1ef","__parent":"SimGroup_","position":[-487.911438,-186.559631,46.5940666],"improvedSpline":true,"material":"track_rubber","nodes":[[-487.911438,-186.559631,46.5940666,4],[-486.843506,-200.043198,45.9606018,4],[-479.458344,-204.364838,45.3737068,4],[-467.80368,-184.058334,42.6182098,4]],"startEndFade":[20,20],"textureLength":20}
{"class":"DecalRoad","persistentId":"950be7c2-5d53-47be-b215-0bbd2905b38b","__parent":"SimGroup_","position":[-354.271515,-191.033524,27.1369877],"improvedSpline":true,"material":"track_rubber","nodes":[[-354.271515,-191.033524,27.1369877,4],[-348.029327,-196.780777,26.7168312,4],[-342.283081,-192.713608,26.2462177,4],[-350.1297,-174.001389,25.7009506,4]],"startEndFade":[15,15],"textureLength":20}
{"class":"DecalRoad","persistentId":"a112a2f1-ff92-4b2e-928f-7457cbc150a0","__parent":"SimGroup_","position":[-370.763458,-193.218079,27.1956062],"improvedSpline":true,"material":"track_rubber","nodes":[[-370.763458,-193.218079,27.1956062,4],[-364.780823,-187.190689,27.3637714,4],[-356.899689,-188.185913,27.3544617,4],[-350.862,-194.3936,26.9028072,4]],"startEndFade":[15,15],"textureLength":20}
{"class":"DecalRoad","persistentId":"a6ba8cda-460f-4a1a-906c-980eb958af0a","__parent":"SimGroup_","position":[-456.621277,-118.615753,37.2038956],"improvedSpline":true,"material":"track_rubber","nodes":[[-456.621277,-118.615753,37.2038956,4],[-455.149506,-104.493492,35.7146873,4],[-449.128601,-101.545326,35.1316414,4],[-442.686646,-110.720779,34.7398033,4]],"startEndFade":[15,15],"textureLength":20}
{"class":"DecalRoad","persistentId":"a8a04348-fc1f-48eb-b7b8-0925b2264f42","__parent":"SimGroup_","position":[-466.143494,-90.8111038,37.0206108],"improvedSpline":true,"material":"track_rubber","nodes":[[-466.143494,-90.8111038,37.0206108,4],[-457.994812,-82.9780807,34.7409668,4],[-448.558716,-78.3195267,32.739563,4],[-438.216156,-60.9304199,31.0687637,4]],"startEndFade":[15,15],"textureLength":20}
{"class":"DecalRoad","persistentId":"abb863d9-c787-4887-98a4-015e0d7728e8","__parent":"SimGroup_","position":[-320.384399,-178.052536,21.550518],"improvedSpline":true,"material":"track_rubber","nodes":[[-320.384399,-178.052536,21.550518,4],[-300.243073,-188.186905,20.8686237,4],[-278.087097,-195.360962,19.5809536,4]],"startEndFade":[20,20],"textureLength":20}
{"class":"DecalRoad","persistentId":"bd6665f4-4bcd-4d2c-a0a4-c863f0df1a9a","__parent":"SimGroup_","position":[-351.08078,-168.392776,25.5540638],"improvedSpline":true,"material":"track_rubber","nodes":[[-351.08078,-168.392776,25.5540638,4],[-355.99704,-154.403122,24.9065876,4],[-350.051971,-147.991928,24.1981583,4],[-331.992798,-166.054855,22.6272793,4]],"startEndFade":[15,15],"textureLength":20}
{"class":"DecalRoad","persistentId":"c0bdd343-5622-4e3e-a078-b8b97a28f8a1","__parent":"SimGroup_","position":[56.6619148,-402.246826,18.6298943],"improvedSpline":true,"material":"track_rubber","nodes":[[56.6619148,-402.246826,18.6298943,4],[52.7637215,-413.552765,17.9540119,4],[47.1372948,-414.756714,18.0173702,4],[41.4224319,-400.761108,17.9148102,4]],"startEndFade":[15,15],"textureLength":20}
{"class":"DecalRoad","persistentId":"c4e83002-aeef-4f4c-a42a-4278b58771fc","__parent":"SimGroup_","position":[-347.967377,-283.387024,28.9016666],"improvedSpline":true,"material":"track_rubber","nodes":[[-347.967377,-283.387024,28.9016666,4],[-343.262054,-268.184845,27.6593151,4],[-351.701935,-258.381287,27.9555645,4]],"startEndFade":[15,15],"textureLength":20}
{"class":"DecalRoad","persistentId":"c8ee1bcb-e7a3-4144-86f5-8bacc6edb37d","__parent":"SimGroup_","position":[-468.007385,-187.218079,42.957489],"improvedSpline":true,"material":"track_rubber","nodes":[[-468.007385,-187.218079,42.957489,4],[-459.182373,-173.113235,39.9759521,4],[-452.577942,-162.608917,38.394104,4],[-457.065857,-140.810654,38.2551651,4]],"startEndFade":[20,20],"textureLength":20}
{"class":"DecalRoad","persistentId":"d2e33a14-7258-4bab-8a76-b7acfe7a7c73","__parent":"SimGroup_","position":[-490.337402,-121.933823,46.2690125],"improvedSpline":true,"material":"track_rubber","nodes":[[-490.337402,-121.933823,46.2690125,4],[-481.826416,-112.529488,43.3419113,4],[-476.331635,-102.130768,40.4599342,4],[-465.264984,-91.5147018,37.0309753,4]],"startEndFade":[15,15],"textureLength":20}
{"class":"DecalRoad","persistentId":"e218b033-847a-4a8a-987a-f15167fcc32f","__parent":"SimGroup_","position":[-352.051788,-260.525726,27.9528942],"decalBias":0.00100000005,"improvedSpline":true,"material":"track_rubber","nodes":[[-352.051788,-260.525726,27.9528942,4],[-363.962982,-253.555176,28.7053852,4],[-366.419617,-246.286102,28.5768204,4],[-365.004333,-236.227524,27.9968567,4],[-368.454956,-219.772324,27.3599148,4]],"overObjects":true,"startEndFade":[15,15],"textureLength":20}
{"class":"DecalRoad","persistentId":"eb0077a9-6a05-40d0-b561-3f4438c7c24c","__parent":"SimGroup_","position":[-349.593567,-169.705917,25.6021442],"improvedSpline":true,"material":"track_rubber","nodes":[[-349.593567,-169.705917,25.6021442,4],[-355.392487,-155.402054,24.9895267,4],[-348.395935,-150.761688,24.0729103,4],[-336.689911,-160.101852,23.3871899,4]],"startEndFade":[15,15],"textureLength":20}
{"class":"DecalRoad","persistentId":"ece1e4dc-06a3-4cca-ab0d-cecb2b334d2e","__parent":"SimGroup_","position":[-487.857147,-192.068298,46.3566666],"improvedSpline":true,"material":"track_rubber","nodes":[[-487.857147,-192.068298,46.3566666,4],[-486.395813,-204.897095,45.653759,4],[-479.933655,-206.114151,45.4238892,4],[-472.651855,-192.646851,43.7720146,4]],"startEndFade":[20,20],"textureLength":20}
{"class":"DecalRoad","persistentId":"f117d055-017e-47e5-b601-c99676ff3dae","__parent":"SimGroup_","position":[-391.804474,-285.459045,34.988102],"improvedSpline":true,"material":"track_rubber","nodes":[[-391.804474,-285.459045,34.988102,4],[-406.872284,-273.624084,35.2207603,4],[-403.603119,-255.277359,34.8270454,4]],"startEndFade":[15,15],"textureLength":20}
{"class":"DecalRoad","persistentId":"f2434b08-1ac4-4b51-bbeb-3141524a1b47","__parent":"SimGroup_","position":[-20.8985367,-326.566254,16.0132561],"improvedSpline":true,"material":"track_rubber","nodes":[[-20.8985367,-326.566254,16.0132561,4],[-31.6674175,-317.42511,16.4494534,4],[-26.7380295,-308.703461,17.1598396,4],[-12.1356754,-307.69577,17.7735291,4]],"startEndFade":[15,15],"textureLength":20}
{"name":"SimGroup_","class":"SimGroup","persistentId":"d6fb45ee-4639-41e9-84f1-ff4411a3fa61","groupPosition":"0 0 0"}
{"class":"TSStatic","persistentId":"01cc1543-9742-4f1c-9fee-7f1d752dc2da","__parent":"SimGroup_","position":[-434.282562,-47.1916962,30.9861698],"isRenderEnabled":false,"rotationMatrix":[0.834746718,0.550634146,0,-0.550634146,0.834746718,0,0,0,1],"scale":[1.08046865,1.08046865,1.08046865],"shapeName":"/levels/ms_s2/art/shapes/buildings/italy_clutter_plastic_chair_a.DAE","useInstanceRenderData":true}
{"class":"TSStatic","persistentId":"01cc16b0-2938-403c-a281-e2f5e803aab0","__parent":"SimGroup_","position":[-136.822845,-217.529968,17.0307465],"isRenderEnabled":false,"rotationMatrix":[-0.931319833,0.364201725,0,-0.364201725,-0.931319833,0,0,0,1],"shapeName":"/levels/ms_s2/art/shapes/buildings/italy_construction_site_net.DAE","useInstanceRenderData":true}
{"class":"TSStatic","persistentId":"036883bf-52d8-4f51-af9b-48face75f80a","__parent":"SimGroup_","position":[-391.768494,-224.17511,31.8646393],"isRenderEnabled":false,"rotationMatrix":[0.996354938,-0.0206336845,-0.0827712789,0.0142399166,0.996921241,-0.0771058127,0.0841074213,0.075646095,0.993581176],"shapeName":"/levels/ms_s2/art/shapes/race/sign_checkpoint.dae","useInstanceRenderData":true}
{"class":"TSStatic","persistentId":"04a009ba-9638-479d-9457-ab5bcf2801c1","__parent":"SimGroup_","position":[-456.338074,274.182587,22.7839298],"isRenderEnabled":false,"rotationMatrix":[0.826779723,0.562525809,0,-0.562525809,0.826779723,0,0,0,1],"shapeName":"/art/shapes/objects/s_metal_fence.dae","useInstanceRenderData":true}
{"class":"TSStatic","persistentId":"058bb50d-5bb6-4005-8dba-24be5b45fb7c","__parent":"SimGroup_","position":[-336.697754,-269.933716,27.6704292],"isRenderEnabled":false,"rotationMatrix":[0.993629217,-0.112658873,-0.00300108152,0.112463772,0.992924094,-0.0381272435,0.00727521814,0.0375468284,0.999268413],"shapeName":"/art/shapes/objects/s_metal_fence.dae","useInstanceRenderData":true}
{"class":"TSStatic","persistentId":"060f8b93-3d1b-4998-bd7a-0246f0793d08","__parent":"SimGroup_","position":[-181.962082,278.342987,16.8346272],"isRenderEnabled":false,"rotationMatrix":[0.392124653,0.919912159,0,-0.919912159,0.392124653,0,0,0,1],"scale":[1.07372546,1,1],"shapeName":"/levels/ms_s2/art/shapes/buildings/italy_construction_site_net.DAE","useInstanceRenderData":true}
{"class":"TSStatic","persistentId":"0971399f-efa6-40cf-9c60-f3f9beadd17f","__parent":"SimGroup_","position":[17.0504494,-299.91745,19.1046753],"isRenderEnabled":false,"rotationMatrix":[-0.399259448,-0.916838288,0,0.916838288,-0.399259448,0,0,0,1],"shapeName":"/levels/ms_s2/art/shapes/buildings/italy_construction_site_net_folded.DAE","useInstanceRenderData":true}
{"class":"TSStatic","persistentId":"0987a9ff-d299-4545-b1a9-2c2e4d458852","__parent":"SimGroup_","position":[-337.370605,-266.752472,27.5796299],"isRenderEnabled":false,"rotationMatrix":[0.890411735,0.454577476,-0.0229389146,-0.454984516,0.890328228,-0.0174568649,0.0124876648,0.0259806495,0.999584436],"shapeName":"/art/shapes/objects/s_metal_fence.dae","useInstanceRenderData":true}
{"class":"TSStatic","persistentId":"09a511e7-91fd-4e99-bc2c-bdc6ef364c39","__parent":"SimGroup_","position":[53.7797585,-415.975586,17.5854454],"isRenderEnabled":false,"rotationMatrix":[0.766261995,0.642528296,0,-0.642528296,0.766261995,0,0,0,1],"shapeName":"/levels/ms_s2/art/shapes/buildings/italy_construction_site_net_folded.DAE","useInstanceRenderData":true}
{"class":"TSStatic","persistentId":"0b30eeae-7357-40aa-9e73-e3d9371752d3","__parent":"SimGroup_","position":[-364.509399,-182.782379,27.6463299],"isRenderEnabled":false,"rotationMatrix":[0.713839173,-0.69929713,-0.0376447402,0.699992239,0.714102268,0.00829468761,0.0210817419,-0.0322721042,0.99925673],"shapeName":"/art/shapes/objects/s_metal_fence.dae","useInstanceRenderData":true}
{"class":"TSStatic","persistentId":"0bc4b10f-fc19-4cae-a3b9-beec6314f2e3","__parent":"SimGroup_","position":[-455.300537,-94.8541489,34.8251801],"isRenderEnabled":false,"rotationMatrix":[0.993383586,0.110501938,-0.0312784016,-0.113475375,0.98635751,-0.119256958,0.0176735595,0.122017235,0.992370605],"scale":[0.936425805,0.936425805,0.479261279],"shapeName":"/levels/ms_s2/art/shapes/buildings/italy_construction_site_net.DAE","useInstanceRenderData":true}
{"class":"TSStatic","persistentId":"0d5b388b-8c12-41a3-ba7f-c076100fb71b","__parent":"SimGroup_","position":[-53.4961891,195.504913,14.8827391],"isRenderEnabled":false,"rotationMatrix":[0.939556181,-0.342394739,0,0.342394739,0.939556181,0,0,0,1],"shapeName":"/levels/ms_s2/art/shapes/buildings/italy_construction_site_net.DAE","useInstanceRenderData":true}
{"class":"TSStatic","persistentId":"0e33241e-3839-4982-b1f7-3aafa98be0af","__parent":"SimGroup_","position":[-337.671021,-272.370483,29.2915707],"isRenderEnabled":false,"rotationMatrix":[0.696895063,0.717144489,-0.00640061544,-0.717146277,0.696918428,0.00242695608,0.00620118482,0.00289884419,0.999976575],"scale":[0.5,0.5,0.5],"shapeName":"/levels/ms_s2/art/shapes/race/sign_arrows.dae","useInstanceRenderData":true}
{"class":"TSStatic","persistentId":"10e7f854-ff04-447a-b129-08ed19272ac0","__parent":"SimGroup_","position":[-255.695724,-406.748688,24.0949554],"isRenderEnabled":false,"rotationMatrix":[0.698771834,-0.711276889,-0.0761777088,0.713745475,0.700361729,0.00779930316,0.0478044823,-0.0598214269,0.997063756],"shapeName":"/levels/ms_s2/art/shapes/buildings/italy_construction_site_net.DAE","useInstanceRenderData":true}
{"class":"TSStatic","persistentId":"11032fcb-fcb4-4109-b337-dec91422ad96","__parent":"SimGroup_","position":[-433.459991,-50.0117798,31.0177021],"collisionType":"None","decalType":"None","isRenderEnabled":false,"rotationMatrix":[-0.81342411,0.581670642,0,-0.581670642,-0.81342411,0,0,0,1],"scale":[0.522900343,0.522900343,0.522900343],"shapeName":"/art/shapes/objects/s_standinglight_01.dae","useInstanceRenderData":true}
{"class":"TSStatic","persistentId":"12d2abfb-6e3e-4462-88d6-a6cbb6afd3ac","__parent":"SimGroup_","position":[-436.230591,-42.5512848,31.0726719],"isRenderEnabled":false,"rotationMatrix":[0.946030498,-0.324077696,1.04308128e-07,-2.98023224e-08,2.98023224e-07,0.99999994,-0.324077725,-0.946030438,2.98023224e-07],"shapeName":"/art/shapes/garage_and_dealership/Clutter/clutter_workshop_green_can.dae","useInstanceRenderData":true}
{"class":"TSStatic","persistentId":"16a39792-7ef8-4ca8-92b0-4938711b1b10","__parent":"SimGroup_","position":[-344.699249,-203.252213,26.7909184],"isRenderEnabled":false,"rotationMatrix":[0.214137137,-0.975430012,0.0517848022,0.967980027,0.204794765,-0.145167977,0.130995929,0.0812125131,0.988050938],"shapeName":"/art/shapes/objects/s_metal_fence.dae","useInstanceRenderData":true}
{"class":"TSStatic","persistentId":"1715c697-2850-4fde-9d95-d61afff9a2c3","__parent":"SimGroup_","position":[44.0252571,-414.380066,17.5854321],"isRenderEnabled":false,"rotationMatrix":[-0.500650167,0.865649462,0,-0.865649462,-0.500650167,0,0,0,1],"shapeName":"/levels/ms_s2/art/shapes/buildings/italy_construction_site_net.DAE","useInstanceRenderData":true}
{"class":"TSStatic","persistentId":"174e6cd5-33c1-4fa6-9c4f-7eff8c7a4745","__parent":"SimGroup_","position":[-33.455307,185.545425,14.8827391],"isRenderEnabled":false,"rotationMatrix":[0.901843488,-0.432062805,0,0.432062805,0.901843488,0,0,0,1],"shapeName":"/levels/ms_s2/art/shapes/buildings/italy_construction_site_net.DAE","useInstanceRenderData":true}
{"class":"TSStatic","persistentId":"190fc407-02eb-4fef-80c0-0d6343323630","__parent":"SimGroup_","position":[-407.809113,311.00943,19.3550167],"isRenderEnabled":false,"rotationMatrix":[0.521846771,0.853039205,0,-0.853039205,0.521846771,0,0,0,1],"shapeName":"/levels/ms_s2/art/shapes/buildings/italy_construction_site_net.DAE","useInstanceRenderData":true}
{"class":"TSStatic","persistentId":"19cb2ce7-49e3-4baa-b186-f6c561bbd26d","__parent":"SimGroup_","position":[-351.445831,111.833229,20.6611252],"isRenderEnabled":false,"rotationMatrix":[-0.23001802,0.973186553,0,-0.973186553,-0.23001802,0,0,0,1],"shapeName":"/levels/ms_s2/art/shapes/buildings/italy_construction_site_net.DAE","useInstanceRenderData":true}
{"class":"TSStatic","persistentId":"1ca3260e-a31e-48bf-ba97-49ac997903f0","__parent":"SimGroup_","position":[-356.506836,-145.768875,24.4794922],"isRenderEnabled":false,"rotationMatrix":[0.543419719,-0.838694811,-0.0358599462,0.839060426,0.543984234,-0.00766394194,0.0259349532,-0.0259239264,0.999327421],"shapeName":"/art/shapes/objects/s_metal_fence.dae","useInstanceRenderData":true}
{"class":"TSStatic","persistentId":"1cbe6d65-e590-4712-bf27-65231a0a3c3b","__parent":"SimGroup_","position":[-48.8370857,193.725708,14.8827391],"isRenderEnabled":false,"rotationMatrix":[0.872740865,-0.488183767,0,0.488183767,0.872740865,0,0,0,1],"shapeName":"/levels/ms_s2/art/shapes/buildings/italy_construction_site_net.DAE","useInstanceRenderData":true}
{"class":"TSStatic","persistentId":"1cd4f5d6-d61d-445e-8c8a-5a647b018368","__parent":"SimGroup_","position":[-143.936752,-215.384262,17.0307465],"isRenderEnabled":false,"rotationMatrix":[-0.995937228,0.0900497735,0,-0.0900497735,-0.995937228,0,0,0,1],"shapeName":"/levels/ms_s2/art/shapes/buildings/italy_construction_site_net.DAE","useInstanceRenderData":true}
{"class":"TSStatic","persistentId":"1e8a985f-753d-4043-8bfd-ef4f50ff6bd5","__parent":"SimGroup_","position":[124.263664,99.3870773,16.7368622],"isRenderEnabled":false,"rotationMatrix":[0.622470617,-0.78264308,0,0.78264308,0.622470617,0,0,0,1],"shapeName":"/levels/ms_s2/art/shapes/buildings/italy_construction_site_net.DAE","useInstanceRenderData":true}
{"class":"TSStatic","persistentId":"1ee7df85-dd7e-4f67-a2e4-a27c731fcff4","__parent":"SimGroup_","position":[76.6861649,137.165039,15.7889252],"isRenderEnabled":false,"rotationMatrix":[0.693243027,-0.720675409,0.00639305543,0.720686138,0.693260849,0.000851610792,-0.00504579023,0.00401701452,0.999979198],"shapeName":"/levels/ms_s2/art/shapes/buildings/italy_construction_site_net_folded.DAE","useInstanceRenderData":true}
{"class":"TSStatic","persistentId":"20098423-3f29-4adc-9f8c-9f137f96da50","__parent":"SimGroup_","position":[-253.959122,-408.516357,23.9056358],"isRenderEnabled":false,"rotationMatrix":[0.745915174,-0.661751688,-0.0754666105,0.664323151,0.747332692,0.0129870195,0.0478044823,-0.0598214343,0.997063756],"shapeName":"/levels/ms_s2/art/shapes/buildings/italy_construction_site_net.DAE","useInstanceRenderData":true}
{"class":"TSStatic","persistentId":"205d989c-96ea-4eee-afe2-b628b3021de1","__parent":"SimGroup_","position":[-461.809326,277.954773,25.7786255],"isRenderEnabled":false,"rotationMatrix":[-0.86906004,-0.494706184,0,0.494706184,-0.86906004,0,0,0,1],"shapeName":"/levels/ms_s2/art/shapes/objects_hr/gazebo_white.dae","useInstanceRenderData":true}
{"class":"TSStatic","persistentId":"20b6cab2-c789-4b8a-aa41-27be3a09747e","__parent":"SimGroup_","position":[-460.704254,281.984802,23.2308655],"isRenderEnabled":false,"rotationMatrix":[-0.86906004,-0.494706184,0,0.494706184,-0.86906004,0,0,0,1],"shapeName":"/levels/ms_s2/art/shapes/objects_hr/pole_metal1.dae","useInstanceRenderData":true}
{"class":"TSStatic","persistentId":"226b2ada-8607-47df-b882-eec388d08d23","__parent":"SimGroup_","position":[150.945892,53.6307068,18.2491817],"isRenderEnabled":false,"rotationMatrix":[-0.68139112,-0.712052524,0.169374824,0.728757203,-0.681520224,0.0666597933,0.0679670572,0.168854475,0.983294785],"shapeName":"/levels/ms_s2/art/shapes/race/sign_checkpoint.dae","useInstanceRenderData":true}
{"class":"TSStatic","persistentId":"2339c36f-18f1-4da6-821c-f91f9593f906","__parent":"SimGroup_","position":[118.121094,103.505424,16.7368622],"isRenderEnabled":false,"rotationMatrix":[0.882615507,-0.470095575,0,0.470095575,0.882615507,0,0,0,1],"shapeName":"/levels/ms_s2/art/shapes/buildings/italy_construction_site_net.DAE","useInstanceRenderData":true}
{"class":"TSStatic","persistentId":"23b025b7-4acc-41d1-a537-f9964869a92a","__parent":"SimGroup_","position":[-151.511292,-214.908081,17.0334339],"isRenderEnabled":false,"shapeName":"/levels/ms_s2/art/shapes/buildings/italy_construction_site_net_rolled.DAE","useInstanceRenderData":true}
{"class":"TSStatic","persistentId":"23fd3bc7-8dbf-43d8-8a9b-bd0ce8020740","__parent":"SimGroup_","position":[12.6559267,-281.545654,19.1133862],"isRenderEnabled":false,"rotationMatrix":[0.647365332,-0.762179911,0,0.762179911,0.647365332,0,0,0,1],"shapeName":"/levels/ms_s2/art/shapes/buildings/italy_construction_site_net.DAE","useInstanceRenderData":true}
{"class":"TSStatic","persistentId":"254e6ab2-baab-4ee4-84b9-ed8fbbe886ee","__parent":"SimGroup_","position":[-26.833252,182.127075,14.8793497],"isRenderEnabled":false,"rotationMatrix":[0.81167841,-0.584104598,0,0.584104598,0.81167841,0,0,0,1],"shapeName":"/levels/ms_s2/art/shapes/buildings/italy_construction_site_net_folded.DAE","useInstanceRenderData":true}
{"class":"TSStatic","persistentId":"25e783eb-4c9d-45da-af8f-7a26eb8fab36","__parent":"SimGroup_","position":[-364.248535,-182.554321,28.3243275],"isRenderEnabled":false,"rotationMatrix":[0.699124396,0.714999795,0.000472021289,-0.714541435,0.698652267,0.0362688862,0.0256024711,-0.0256937407,0.999341965],"scale":[0.5,0.5,0.5],"shapeName":"/levels/ms_s2/art/shapes/race/sign_arrows.dae","useInstanceRenderData":true}
{"class":"TSStatic","persistentId":"262baf1d-1b7c-4bc9-ae49-c0d3b3584395","__parent":"SimGroup_","position":[40.0548325,-408.044556,17.5854321],"isRenderEnabled":false,"rotationMatrix":[-0.428368449,0.903603971,0,-0.903603971,-0.428368449,0,0,0,1],"shapeName":"/levels/ms_s2/art/shapes/buildings/italy_construction_site_net.DAE","useInstanceRenderData":true}
{"class":"TSStatic","persistentId":"2700221e-17db-4daa-ab3c-b25f9beb7fec","__parent":"SimGroup_","position":[17.6723022,-297.502319,19.1133862],"isRenderEnabled":false,"rotationMatrix":[-0.248663425,-0.968589962,0,0.968589962,-0.248663425,0,0,0,1],"shapeName":"/levels/ms_s2/art/shapes/buildings/italy_construction_site_net.DAE","useInstanceRenderData":true}
{"class":"TSStatic","persistentId":"2970594b-86a5-4eb5-8c1b-da2808918255","__parent":"SimGroup_","position":[42.7718353,-412.21283,17.5854321],"isRenderEnabled":false,"rotationMatrix":[-0.500650167,0.865649462,0,-0.865649462,-0.500650167,0,0,0,1],"shapeName":"/levels/ms_s2/art/shapes/buildings/italy_construction_site_net.DAE","useInstanceRenderData":true}
{"class":"TSStatic","persistentId":"2a1ed1c8-98c8-4fe3-818d-87cfe2ae7c34","__parent":"SimGroup_","position":[-178.408035,285.677032,16.8441124],"isRenderEnabled":false,"shapeName":"/levels/ms_s2/art/shapes/buildings/italy_construction_site_net_rolled.DAE","useInstanceRenderData":true}
{"class":"TSStatic","persistentId":"2a995de2-fb94-4297-9d8a-484952627b3a","__parent":"SimGroup_","position":[-341.988342,-201.945465,27.3475571],"isRenderEnabled":false,"rotationMatrix":[0.836919487,0.547280729,-0.00703908084,-0.54728955,0.836646199,-0.0223005991,-0.00631546834,0.0225162227,0.999726534],"scale":[0.5,0.5,0.5],"shapeName":"/levels/ms_s2/art/shapes/race/sign_arrows.dae","useInstanceRenderData":true}
{"class":"TSStatic","persistentId":"2aeef4c8-1871-41c7-bd6e-fc0069caa49f","__parent":"SimGroup_","position":[57.1303673,152.535217,15.6318932],"isRenderEnabled":false,"rotationMatrix":[0.770576239,-0.637315094,0.0064484044,0.637327731,0.770592749,0.000120343408,-0.00504578976,0.00401701406,0.999979198],"shapeName":"/levels/ms_s2/art/shapes/buildings/italy_construction_site_net.DAE","useInstanceRenderData":true}
{"class":"TSStatic","persistentId":"2b1f28b3-1248-439a-89c9-d1aa5784b760","__parent":"SimGroup_","position":[-252.10463,-410.161621,23.7180099],"isRenderEnabled":false,"rotationMatrix":[0.790611386,-0.607784927,-0.074371703,0.610449374,0.791845202,0.0182406567,0.0478044823,-0.0598214306,0.997063756],"shapeName":"/levels/ms_s2/art/shapes/buildings/italy_construction_site_net.DAE","useInstanceRenderData":true}
{"class":"TSStatic","persistentId":"2c76610d-32d8-4ede-b41c-997311671810","__parent":"SimGroup_","position":[61.0550423,149.458817,15.664053],"isRenderEnabled":false,"rotationMatrix":[0.730902195,-0.682451785,0.00642953161,0.682463467,0.73091948,0.000507464865,-0.00504579023,0.00401701406,0.999979198],"shapeName":"/levels/ms_s2/art/shapes/buildings/italy_construction_site_net.DAE","useInstanceRenderData":true}
{"class":"TSStatic","persistentId":"2c7d5c9d-b35e-4c5c-843c-b5baf1f14750","__parent":"SimGroup_","position":[-46.6599884,192.507919,14.8827391],"isRenderEnabled":false,"rotationMatrix":[0.897118211,-0.441790551,0,0.441790551,0.897118211,0,0,0,1],"shapeName":"/levels/ms_s2/art/shapes/buildings/italy_construction_site_net.DAE","useInstanceRenderData":true}
{"class":"TSStatic","persistentId":"2cf8a281-0981-463b-87aa-5e644cb747f1","__parent":"SimGroup_","position":[64.7589798,146.137863,15.696085],"isRenderEnabled":false,"rotationMatrix":[0.785524547,-0.618796825,0.00644944236,0.618809819,0.78554076,-3.31439078e-05,-0.00504579023,0.00401701452,0.999979198],"shapeName":"/levels/ms_s2/art/shapes/buildings/italy_construction_site_net.DAE","useInstanceRenderData":true}
{"class":"TSStatic","persistentId":"2d168e52-e539-48f8-8e12-4ee35ac69bd8","__parent":"SimGroup_","position":[62.8737526,147.760681,15.6800518],"isRenderEnabled":false,"rotationMatrix":[0.75786829,-0.652375698,0.00644478109,0.652387977,0.757885098,0.00024738349,-0.00504579023,0.00401701452,0.999979198],"shapeName":"/levels/ms_s2/art/shapes/buildings/italy_construction_site_net.DAE","useInstanceRenderData":true}
{"class":"TSStatic","persistentId":"3011f8e0-a2c7-4a64-8179-4d0546de41f6","__parent":"SimGroup_","position":[-249.92572,-79.5791702,14.7794514],"isRenderEnabled":false,"rotationMatrix":[-0.8555516,0.517717183,0,-0.517717183,-0.8555516,0,0,0,1],"shapeName":"/levels/ms_s2/art/shapes/buildings/italy_construction_site_net_folded.DAE","useInstanceRenderData":true}
{"class":"TSStatic","persistentId":"31d41b8e-6a2f-4f42-a249-d175f5b86b74","__parent":"SimGroup_","position":[-348.050964,-168.899857,25.8216248],"isRenderEnabled":false,"rotationMatrix":[-0.86822474,-0.496151924,-0.00434953813,0.496168673,-0.86821425,-0.00453882758,-0.00152438285,-0.00609882735,0.999980211],"shapeName":"/levels/ms_s2/art/shapes/race/sign_checkpoint.dae","useInstanceRenderData":true}
{"class":"TSStatic","persistentId":"32148f1e-a0c3-4ab6-8e17-c229115f330f","__parent":"SimGroup_","position":[-434.788208,-47.9171562,30.9861698],"isRenderEnabled":false,"rotationMatrix":[0.509038687,0.860743642,0,-0.860743642,0.509038687,0,0,0,1],"scale":[1.08046865,1.08046865,1.08046865],"shapeName":"/levels/ms_s2/art/shapes/buildings/italy_clutter_plastic_chair_a.DAE","useInstanceRenderData":true}
{"class":"TSStatic","persistentId":"3282e47a-92b5-413a-88ac-51247e4346f7","__parent":"SimGroup_","position":[-435.086578,-51.8982506,31.0179462],"isRenderEnabled":false,"rotationMatrix":[0.879507601,-0.475884795,0,0.475884795,0.879507601,0,0,0,1],"shapeName":"/art/shapes/objects/s_metal_fence.dae","useInstanceRenderData":true}
{"class":"TSStatic","persistentId":"3325d0c3-ea80-403b-b866-73e8f8a77b6b","__parent":"SimGroup_","position":[15.7228355,-285.463379,19.1133862],"isRenderEnabled":false,"rotationMatrix":[0.465141237,-0.885236382,0,0.885236382,0.465141237,0,0,0,1],"shapeName":"/levels/ms_s2/art/shapes/buildings/italy_construction_site_net.DAE","useInstanceRenderData":true}
{"class":"TSStatic","persistentId":"3688875e-620e-4022-9acd-4f26b44f06b0","__parent":"SimGroup_","position":[-433.768646,-47.9624672,30.980875],"isRenderEnabled":false,"rotationMatrix":[-0.507627726,-0.861576438,0,0.861576438,-0.507627726,0,0,0,1],"shapeName":"/art/shapes/garage_and_dealership/garage/s_garage_workbench_02.dae","useInstanceRenderData":true}
{"class":"TSStatic","persistentId":"36eb3eec-7437-4f73-9a16-fa120dcad24b","__parent":"SimGroup_","position":[-459.45697,277.695038,22.7224846],"isRenderEnabled":false,"rotationMatrix":[0.541005433,-0.841019154,0,0.841019154,0.541005433,0,0,0,1],"shapeName":"/art/shapes/garage_and_dealership/garage/s_garage_workbench_02.dae","useInstanceRenderData":true}
{"class":"TSStatic","persistentId":"370bc8ad-d697-4716-94aa-caf7f58148c2","__parent":"SimGroup_","position":[-428.718048,-53.6600952,31.0177021],"collisionType":"None","decalType":"None","isRenderEnabled":false,"rotationMatrix":[0.778471649,-0.627679706,0,0.627679706,0.778471649,0,0,0,1],"scale":[0.522900343,0.522900343,0.522900343],"shapeName":"/art/shapes/objects/s_standinglight_01.dae","useInstanceRenderData":true}
{"class":"TSStatic","persistentId":"373a5fbd-c267-4f85-b304-b174e621ad6e","__parent":"SimGroup_","position":[-227.365463,314.226654,17.3724842],"isRenderEnabled":false,"rotationMatrix":[-0.833552003,0.552383363,-0.0079635689,-0.551632464,-0.833025455,-0.0420707986,-0.0298730694,-0.0306752399,0.999082923],"shapeName":"/levels/ms_s2/art/shapes/race/sign_checkpoint.dae","useInstanceRenderData":true}
{"class":"TSStatic","persistentId":"39ce9cf7-3e50-4832-a020-ede2bb3f2ce5","__parent":"SimGroup_","position":[7.12632942,-276.535431,19.1134205],"isRenderEnabled":false,"rotationMatrix":[-0.660022378,0.751245916,0,-0.751245916,-0.660022378,0,0,0,1],"shapeName":"/levels/ms_s2/art/shapes/buildings/italy_construction_site_net_folded.DAE","useInstanceRenderData":true}
{"class":"TSStatic","persistentId":"3a069d2e-8f1a-4c32-be4c-87a780416c04","__parent":"SimGroup_","position":[-457.318787,278.131256,22.7689133],"collisionType":"None","decalType":"None","isRenderEnabled":false,"rotationMatrix":[-0.867893696,-0.494285434,0.0494198911,0.494890124,-0.868955493,-9.31322575e-10,0.04294369,0.0244574174,0.998778105],"scale":[0.522900343,0.522900343,0.522900343],"shapeName":"/art/shapes/objects/s_standinglight_01.dae","useInstanceRenderData":true}
{"class":"TSStatic","persistentId":"3a25b1b9-17bb-41c7-8d89-8e7c92f25d2a","__parent":"SimGroup_","position":[-449.425751,-83.585144,33.1238861],"isRenderEnabled":false,"rotationMatrix":[0.149927914,-0.985874414,0.0746531487,0.987342238,0.145343959,-0.0634839088,0.051736787,0.0832262188,0.995186746],"shapeName":"/levels/ms_s2/art/shapes/race/race_rally_finish_checkpoint_yellow.dae","useInstanceRenderData":true}
{"class":"TSStatic","persistentId":"3a4d89b3-d0a4-44d5-93ce-4c1eaf6c3445","__parent":"SimGroup_","position":[-351.110962,109.368233,20.6611252],"isRenderEnabled":false,"rotationMatrix":[-0.134606123,0.990899026,0,-0.990899026,-0.134606123,0,0,0,1],"shapeName":"/levels/ms_s2/art/shapes/buildings/italy_construction_site_net.DAE","useInstanceRenderData":true}
{"class":"TSStatic","persistentId":"3b58b3b7-3db4-4654-bdc3-1cbfc7e06e88","__parent":"SimGroup_","position":[70.7878265,141.71962,15.7442532],"isRenderEnabled":false,"rotationMatrix":[0.80930692,-0.587350547,0.00644312333,0.587364256,0.809322596,-0.00028734887,-0.00504579023,0.00401701452,0.999979198],"shapeName":"/levels/ms_s2/art/shapes/buildings/italy_construction_site_net.DAE","useInstanceRenderData":true}
{"class":"TSStatic","persistentId":"3dfff943-d35e-4e14-bd79-9d4055f10296","__parent":"SimGroup_","position":[-351.016052,106.685654,20.6611977],"isRenderEnabled":false,"rotationMatrix":[0.295699835,-0.955280781,0,0.955280781,0.295699835,0,0,0,1],"shapeName":"/levels/ms_s2/art/shapes/buildings/italy_construction_site_net_rolled.DAE","useInstanceRenderData":true}
{"class":"TSStatic","persistentId":"3e9d375c-8fed-4e0e-bbc7-1d355c05c88e","__parent":"SimGroup_","position":[-447.213593,259.963715,22.8987255],"isRenderEnabled":false,"rotationMatrix":[0.835709751,0.548960149,-0.0152306287,-0.548974454,0.835831344,0.00359721063,0.0147049623,0.00535500282,0.999877512],"shapeName":"/art/shapes/objects/s_metal_fence.dae","useInstanceRenderData":true}
{"class":"TSStatic","persistentId":"3eacff23-6e68-492e-9f0b-cc706c9bf04c","__parent":"SimGroup_","position":[-457.749512,278.313263,22.7257156],"isRenderEnabled":false,"rotationMatrix":[-0.907249928,-0.418077856,0.0459197946,0.418918937,-0.907967806,0.0100826398,0.0374783613,0.0283841453,0.998894274],"shapeName":"/levels/ms_s2/art/shapes/race/race_rally_finish_checkpoint_red.dae","useInstanceRenderData":true}
{"class":"TSStatic","persistentId":"3ebd37a0-c6ef-4d70-9e45-47cd196bde76","__parent":"SimGroup_","position":[-451.366272,-84.1879272,33.5682831],"isRenderEnabled":false,"rotationMatrix":[0.998266816,0.00341806142,-0.0587514378,-0.0082027968,0.996648312,-0.0813933164,0.0582763143,0.0817341655,0.994948924],"scale":[0.936425805,0.936425805,0.479261279],"shapeName":"/levels/ms_s2/art/shapes/buildings/italy_construction_site_net.DAE","useInstanceRenderData":true}
{"class":"TSStatic","persistentId":"3f005095-ffc6-4fae-bdab-40634d59c763","__parent":"SimGroup_","position":[-353.283966,-170.885818,25.7850914],"isRenderEnabled":false,"rotationMatrix":[-0.963564396,-0.253119469,-0.0864556581,0.254347265,-0.967107534,-0.00331043825,-0.0827739686,-0.025179578,0.996250212],"shapeName":"/levels/ms_s2/art/shapes/race/sign_checkpoint.dae","useInstanceRenderData":true}
{"class":"TSStatic","persistentId":"3fc8556f-3a4e-42ae-a464-85ca3a2edf4d","__parent":"SimGroup_","position":[-436.542603,-42.2866058,31.4419556],"isRenderEnabled":false,"rotationMatrix":[0.846832216,-0.531860054,0,0.531860054,0.846832216,0,0,0,1],"shapeName":"/levels/ms_s2/art/shapes/objects_hr/pole_metal1.dae","useInstanceRenderData":true}
{"class":"TSStatic","persistentId":"416fe6a9-7c40-4ca6-bde6-e81f5a39b0b1","__parent":"SimGroup_","position":[-154.792664,-214.094955,17.0307465],"isRenderEnabled":false,"rotationMatrix":[-0.984415531,0.175856054,0,-0.175856054,-0.984415531,0,0,0,1],"shapeName":"/levels/ms_s2/art/shapes/buildings/italy_construction_site_net.DAE","useInstanceRenderData":true}
{"class":"TSStatic","persistentId":"464be08d-4863-4184-9d54-562907bf3a20","__parent":"SimGroup_","position":[-439.124878,-46.8876076,31.0125828],"isRenderEnabled":false,"rotationMatrix":[-0.925266981,-0.379315913,0,0.379315913,-0.925266981,0,0,0,1],"shapeName":"/art/shapes/garage_and_dealership/Clutter/plastic_can_small.DAE","useInstanceRenderData":true}
{"class":"TSStatic","persistentId":"46f303a6-ed0f-4769-9eba-89a4b9dabd88","__parent":"SimGroup_","position":[-362.379883,-180.924515,27.6583824],"isRenderEnabled":false,"rotationMatrix":[-0.57239151,0.819311321,0.0331134386,-0.819660604,-0.572829008,0.00478731748,0.0228906497,-0.0244015642,0.999440134],"shapeName":"/art/shapes/objects/s_metal_fence.dae","useInstanceRenderData":true}
{"class":"TSStatic","persistentId":"4787ccf4-d709-4b2e-a9ef-5856eab97a36","__parent":"SimGroup_","position":[153.862625,57.4613342,18.2149906],"isRenderEnabled":false,"rotationMatrix":[-0.509309649,-0.852390289,-0.118466765,0.855339527,-0.516560316,0.0394910537,-0.0948570371,-0.0812161416,0.99217242],"shapeName":"/levels/ms_s2/art/shapes/race/sign_checkpoint.dae","useInstanceRenderData":true}
{"class":"TSStatic","persistentId":"47b761b3-9cdd-4541-989c-f248d4460c36","__parent":"SimGroup_","position":[-362.468048,-333.45639,33.458168],"isRenderEnabled":false,"rotationMatrix":[-0.946563959,-0.3112773,0.0843969211,0.315926522,-0.947540998,0.0485402569,0.0648600832,0.0726096928,0.995249212],"shapeName":"/art/shapes/objects/s_metal_fence.dae","useInstanceRenderData":true}
{"class":"TSStatic","persistentId":"494b6442-3440-4e99-9f77-8683a86d13a6","__parent":"SimGroup_","position":[-453.260437,-84.3190536,33.6353683],"isRenderEnabled":false,"rotationMatrix":[0.0538588762,-0.998540163,-0.00408815593,0.974690437,0.0534612536,-0.217072219,0.216973871,0.0077065751,0.976146996],"shapeName":"/art/shapes/objects/s_metal_fence.dae","useInstanceRenderData":true}
