{"class":"DecalRoad","persistentId":"0e2ac5c3-ee22-4e16-ada7-ec5ed86b53b4","__parent":"SimGroup_","position":[-466.484436,-195.699783,-313.218811],"improvedSpline":true,"material":"track_rubber","nodes":[[-466.484436,-195.699783,-313.218811,6],[-481.129547,-171.57074,-312.136536,6],[-485.7948,-154.429184,-309.444366,6],[-483.973206,-138.597763,-306.564301,6],[-474.653168,-123.530411,-303.469147,6],[-456.346527,-112.164955,-300.85141,6],[-445.718384,-108.88974,-299.778625,6]],"renderPriority":1,"startEndFade":[50,50],"textureLength":100}
{"class":"DecalRoad","persistentId":"3a79863c-c81b-43e0-bb1a-614851a65f6a","__parent":"SimGroup_","position":[-167.921463,207.430969,-281.793945],"improvedSpline":true,"material":"track_rubber","nodes":[[-167.921463,207.430969,-281.793945,6],[-166.996063,223.263519,-281.886963,6],[-174.418121,233.664627,-282.763885,6],[-186.183151,233.062347,-284.048828,6],[-193.60141,220.976578,-284.791016,6],[-194.09024,203.490997,-285.118713,6]],"renderPriority":1,"startEndFade":[50,50],"textureLength":100}
{"class":"DecalRoad","persistentId":"4480b9e0-ff4f-45f0-b1a9-91bbeba59aa9","__parent":"SimGroup_","position":[-374.688049,-102.872711,-290.233154],"improvedSpline":true,"material":"track_rubber","nodes":[[-374.688049,-102.872711,-290.233154,6],[-352.823242,-105.05957,-288.29071,6],[-330.717651,-104.193443,-286.709717,6],[-313.484009,-98.550827,-286.330536,6],[-295.401672,-85.7534866,-286.233765,6]],"renderPriority":1,"startEndFade":[50,50],"textureLength":100}
{"class":"DecalRoad","persistentId":"5528e7bb-bfc8-4c64-9d9c-e2dc9c386b84","__parent":"SimGroup_","position":[-193.853836,-3.28646302,-284.761719],"improvedSpline":true,"material":"track_rubber","nodes":[[-193.853836,-3.28646302,-284.761719,6],[-210.643051,-25.3731136,-284.956421,6],[-222.447678,-44.6928329,-285.092438,6],[-232.945282,-53.7361946,-285.241028,6],[-250.080994,-59.6686363,-285.516815,6],[-270.52475,-66.1941147,-285.848114,6]],"renderPriority":1,"startEndFade":[50,50],"textureLength":100}
{"class":"DecalRoad","persistentId":"6586c82a-f981-4f60-a261-b701ad3d3515","__parent":"SimGroup_","position":[-201.800598,-12.7607603,-284.851044],"improvedSpline":true,"material":"track_rubber","nodes":[[-201.800598,-12.7607603,-284.851044,6],[-190.92041,-0.222324997,-284.725769,6],[-174.995651,11.6611319,-284.358398,6],[-166.098404,23.6092205,-283.583466,6],[-160.203278,41.0790863,-281.881165,6],[-160.064026,58.5724106,-279.22168,6]],"renderPriority":1,"startEndFade":[50,50],"textureLength":100}
{"class":"DecalRoad","persistentId":"74385e29-ddad-4d27-9d08-a6a34ddff51b","__parent":"SimGroup_","position":[-396.112885,37.4264832,-292.004242],"improvedSpline":true,"material":"track_rubber","nodes":[[-396.112885,37.4264832,-292.004242,6],[-405.523529,19.7668133,-292.201477,6],[-409.155212,8.25255013,-291.971497,6],[-406.289307,-0.252375007,-291.62027,6],[-396.670898,-3.41554499,-291.172333,6],[-385.067413,0.379574001,-290.684204,6],[-369.684998,16.6969509,-290.049805,6],[-355.708496,27.2538471,-289.657959,6],[-342.426544,33.7830696,-289.190613,6]],"renderPriority":1,"startEndFade":[30,30],"textureLength":100}
{"class":"DecalRoad","persistentId":"87adf08d-6d9b-4732-91e5-04a73404bc65","__parent":"SimGroup_","position":[-169.886841,208.087219,-281.803253],"improvedSpline":true,"material":"track_rubber","nodes":[[-169.886841,208.087219,-281.803253,6],[-169.647003,191.255524,-281.45108,6],[-162.666199,164.270294,-281.138855,6],[-157.371674,139.636261,-280.81778,6],[-160.233963,119.662102,-279.94928,6],[-163.480545,104.63327,-279.648315,6],[-163.840881,81.5382919,-278.786011,6]],"renderPriority":1,"startEndFade":[50,50],"textureLength":100}
{"class":"DecalRoad","persistentId":"9298935e-8974-44ce-8eb2-69142c3dc17b","__parent":"SimGroup_","position":[-412.259491,-493.160797,-319.69162],"improvedSpline":true,"material":"track_rubber","nodes":[[-412.259491,-493.160797,-319.69162,4],[-414.845612,-469.438324,-317.368561,4],[-413.756042,-456.79425,-316.168396,4]],"renderPriority":1,"startEndFade":[1,10],"textureLength":50}
{"class":"DecalRoad","persistentId":"aeeb69bf-439e-4dfa-850e-a49c4d05ed91","__parent":"SimGroup_","position":[-262.424561,342.681,-286.867035],"improvedSpline":true,"material":"track_rubber","nodes":[[-262.424561,342.681,-286.867035,6],[-252.984909,375.375488,-285.967316,6],[-251.178604,400.591827,-285.513611,6],[-253.711197,417.167908,-285.380798,6],[-253.756927,426.734375,-285.36554,6],[-248.974457,435.509674,-285.347595,6]],"renderPriority":1,"startEndFade":[50,10],"textureLength":100}
{"class":"DecalRoad","persistentId":"c49f42ca-285d-4c15-97b4-004656300315","__parent":"SimGroup_","position":[-296.201324,57.6569023,-287.380829],"improvedSpline":true,"material":"track_rubber","nodes":[[-296.201324,57.6569023,-287.380829,6],[-325.62851,44.2199478,-288.413055,6],[-343.5047,33.9477959,-289.219727,6],[-370.382385,12.9326096,-290.11026,6],[-386.42572,0.767068982,-290.716827,6],[-399.487915,-2.41028404,-291.289886,6],[-407.160126,3.69934702,-291.776947,6],[-407.959381,15.8891144,-292.177185,6],[-400.245331,29.7163506,-292.121887,6],[-384.613647,57.8659096,-291.636017,6]],"renderPriority":1,"startEndFade":[50,50],"textureLength":100}
{"class":"DecalRoad","persistentId":"dbf33b25-c312-410e-9d96-18f771785bb6","__parent":"SimGroup_","position":[-194.314835,180.330231,-285.062897],"improvedSpline":true,"material":"track_rubber","nodes":[[-194.314835,180.330231,-285.062897,6],[-193.789398,195.43367,-285.124695,6],[-193.602829,222.370377,-284.738037,6],[-186.8078,232.630905,-284.098999,6],[-177.580063,234.717178,-283.16507,6],[-169.752487,228.67189,-282.169281,6],[-166.962997,212.950256,-281.847992,6],[-169.431702,193.301559,-281.517578,6],[-167.873993,179.113876,-281.093933,6],[-164.772995,168.258667,-281.120514,6]],"renderPriority":1,"startEndFade":[50,50],"textureLength":100}
{"class":"DecalRoad","persistentId":"e4e25b93-16d8-46fe-88ef-200008993f3b","__parent":"SimGroup_","position":[-413.166962,-494.068115,-319.746979],"improvedSpline":true,"material":"track_rubber","nodes":[[-413.166962,-494.068115,-319.746979,6],[-415.753082,-470.345642,-317.458527,6],[-415.527039,-459.282379,-316.44342,6]],"renderPriority":1,"startEndFade":[1,10],"textureLength":100}
{"name":"SimGroup_","class":"SimGroup","persistentId":"8aa5976d-4fff-4cbe-ad61-1cc71a133064","groupPosition":"0 0 0"}
{"class":"TSStatic","persistentId":"00e7561c-344d-4855-9f30-3b548358c5ad","__parent":"SimGroup_","position":[248.571823,343.721313,-236.606888],"isRenderEnabled":false,"rotationMatrix":[0.995914876,-0.00545491511,0.0901324078,0.00654294016,0.999909222,-0.0117803505,-0.0900599584,0.0123219574,0.9958601],"shapeName":"/levels/ms_s1/art/shapes/buildings/italy_construction_site_net.DAE","useInstanceRenderData":true}
{"class":"TSStatic","persistentId":"00f6369d-14c6-4393-b99d-034c38faf93b","__parent":"SimGroup_","position":[-411.400787,-481.447815,-317.902649],"collisionType":"None","decalType":"None","isRenderEnabled":false,"rotationMatrix":[0.0493189096,-0.991789401,-0.117987275,0.012555778,-0.117505789,0.99299252,-0.998703957,-0.0504545867,0.00665771961],"scale":[0.25034371,0.25034371,0.25034371],"shapeName":"/levels/ms_s2/art/shapes/buildings/charging_station_b.DAE","useInstanceRenderData":true}
{"class":"TSStatic","persistentId":"0242f5b3-1936-4727-b259-193340395e52","__parent":"SimGroup_","position":[297.18158,-479.155426,-240.657211],"collisionType":"None","decalType":"None","isRenderEnabled":false,"rotationMatrix":[-0.3078475,0.951435685,2.08616257e-07,1.1920929e-07,-2.38418579e-07,1,0.951435685,0.3078475,0],"scale":[0.25034371,0.25034371,0.25034371],"shapeName":"/levels/ms_s2/art/shapes/buildings/charging_station_b.DAE","useInstanceRenderData":true}
{"class":"TSStatic","persistentId":"02e479d9-4c2a-4079-b234-f1ec6164eb84","__parent":"SimGroup_","position":[-440.984253,-496.558228,-320.032806],"isRenderEnabled":false,"rotationMatrix":[-0.938017368,0.346588045,0,-0.346588045,-0.938017368,0,0,0,1],"shapeName":"/art/shapes/garage_and_dealership/Clutter/plastic_can_big.DAE","useInstanceRenderData":true}
{"class":"TSStatic","persistentId":"06166207-17ca-455c-9e95-180911c27ac7","__parent":"SimGroup_","position":[461.536224,337.49292,-148.055405],"isRenderEnabled":false,"rotationMatrix":[0.683233738,-0.7291857,0.0384698026,0.722596049,0.682763338,0.108116396,-0.105102688,-0.0460706428,0.99339366],"shapeName":"/levels/ms_s1/art/shapes/buildings/italy_construction_site_net_folded.DAE","useInstanceRenderData":true}
{"class":"TSStatic","persistentId":"075a81b5-e465-4957-b9f0-916940d56672","__parent":"SimGroup_","position":[230.747894,338.257355,-238.380066],"isRenderEnabled":false,"rotationMatrix":[-0.649219275,-0.756660819,-0.0773209631,0.755433679,-0.653297901,0.050215669,-0.0885098577,-0.0258098692,0.995740831],"shapeName":"/levels/ms_s1/art/shapes/buildings/italy_construction_site_net_folded.DAE","useInstanceRenderData":true}
{"class":"TSStatic","persistentId":"078f4ff3-3d40-4f78-a63f-b0c786255c2a","__parent":"SimGroup_","position":[288.922791,-479.794495,-241.927841],"isRenderEnabled":false,"rotationMatrix":[0.975816131,0.218395665,0.00928372517,-0.218256012,0.975790143,-0.014068638,-0.0121314973,0.0117021753,0.999857962],"shapeName":"/levels/ms_s1/art/shapes/buildings/italy_construction_site_net.DAE","useInstanceRenderData":true}
{"class":"TSStatic","persistentId":"0885de3d-23c0-449f-8bdd-da0094a74dc4","__parent":"SimGroup_","position":[-436.663269,-471.212006,-319.654755],"isRenderEnabled":false,"rotationMatrix":[0.999989629,-0.00455485284,0,0.00455485284,0.999989629,0,0,0,1],"shapeName":"/levels/ms_s2/art/shapes/objects_hr/pole_metal1.dae","useInstanceRenderData":true}
{"class":"TSStatic","persistentId":"0ab37285-3387-4c97-b65f-0a03c5d775b5","__parent":"SimGroup_","position":[-440.411804,-496.731323,-320.032806],"isRenderEnabled":false,"rotationMatrix":[0.807661951,0.589645803,0,-0.589645803,0.807661951,0,0,0,1],"shapeName":"/art/shapes/garage_and_dealership/Clutter/plastic_can_big.DAE","useInstanceRenderData":true}
{"class":"TSStatic","persistentId":"0af10eba-6828-4bb5-ba7b-624aa23ad441","__parent":"SimGroup_","position":[-436.852234,-478.090088,-319.654755],"isRenderEnabled":false,"rotationMatrix":[0.997385502,0.0722642988,0,-0.0722642988,0.997385502,0,0,0,1],"shapeName":"/levels/ms_s2/art/shapes/objects_hr/pole_metal1.dae","useInstanceRenderData":true}
{"class":"TSStatic","persistentId":"0b48a9cc-7fe2-4849-844f-823cd3d4999e","__parent":"SimGroup_","position":[-446.915253,-485.256989,-319.654755],"isRenderEnabled":false,"rotationMatrix":[0.99993217,0.011648831,0,-0.011648831,0.99993217,0,0,0,1],"shapeName":"/levels/ms_s2/art/shapes/objects_hr/pole_metal1.dae","useInstanceRenderData":true}
{"class":"TSStatic","persistentId":"0c5f271a-3113-4bfa-9a52-9eff50adc22c","__parent":"SimGroup_","position":[-407.44043,-483.819763,-318.618073],"isRenderEnabled":false,"rotationMatrix":[-0.0807505846,-0.994127572,-0.0720369667,0.994267881,-0.0854212046,0.0642986968,-0.0700746179,-0.0664318874,0.995327234],"scale":[1.08046865,1.08046865,1.08046865],"shapeName":"/levels/ms_s2/art/shapes/buildings/italy_clutter_plastic_chair_a.DAE","useInstanceRenderData":true}
{"class":"TSStatic","persistentId":"0d8e570f-9900-40a0-88db-9f6b006046be","__parent":"SimGroup_","position":[-443.642059,-494.752197,-317.106995],"isRenderEnabled":false,"rotationMatrix":[0.997563243,0.0697679892,0,-0.0697679892,0.997563243,0,0,0,1],"shapeName":"/levels/ms_s2/art/shapes/objects_hr/gazebo_blue.dae","useInstanceRenderData":true}
{"class":"TSStatic","persistentId":"107fa6f7-41bc-4cc5-83ec-733c7a880197","__parent":"SimGroup_","position":[-313.130402,188.889069,-288.132263],"isRenderEnabled":false,"rotationMatrix":[0.219636202,0.975557983,0.00680940971,-0.968547165,0.218883812,-0.118346959,-0.116944805,0.0193980224,0.992948949],"shapeName":"/levels/ms_s1/art/shapes/buildings/italy_construction_site_net.DAE","useInstanceRenderData":true}
{"class":"TSStatic","persistentId":"10de04f3-9e72-439c-bba6-acac20a4dab5","__parent":"SimGroup_","position":[181.057297,-243.324341,-218.201599],"isRenderEnabled":false,"rotationMatrix":[0.163524032,0.984200716,0.0678866804,-0.983381748,0.168115377,-0.068536818,-0.0788667798,-0.0555511191,0.995336175],"shapeName":"/levels/ms_s1/art/shapes/buildings/italy_construction_site_net.DAE","useInstanceRenderData":true}
{"class":"TSStatic","persistentId":"14e7e516-a280-48c3-aa1f-4540e5570f74","__parent":"SimGroup_","position":[297.987427,-487.336975,-241.771652],"isRenderEnabled":false,"rotationMatrix":[0.998275995,-0.0278826728,-0.0516487099,0.0290855393,0.999319434,0.0226858836,0.0509810187,-0.0241490025,0.998407602],"shapeName":"/art/shapes/garage_and_dealership/Clutter/clutter_workshop_green_can.dae","useInstanceRenderData":true}
{"class":"TSStatic","persistentId":"155a9763-f5ed-4f2e-acbe-5d4d8e1a5859","__parent":"SimGroup_","position":[-446.84079,-491.171814,-319.654755],"isRenderEnabled":false,"rotationMatrix":[0.99993217,0.011648831,0,-0.011648831,0.99993217,0,0,0,1],"shapeName":"/levels/ms_s2/art/shapes/objects_hr/pole_metal1.dae","useInstanceRenderData":true}
{"class":"TSStatic","persistentId":"15dd0f3e-c097-4f65-8cd4-160cefe779df","__parent":"SimGroup_","position":[183.465347,-233.988129,-217.547241],"isRenderEnabled":false,"rotationMatrix":[0.317641497,0.945260704,0.0747394562,-0.943714917,0.322818398,-0.0720434338,-0.0922271013,-0.0476487763,0.994597256],"shapeName":"/levels/ms_s1/art/shapes/buildings/italy_construction_site_net.DAE","useInstanceRenderData":true}
{"class":"TSStatic","persistentId":"1a580390-f966-4247-8df0-f698516fb5e4","__parent":"SimGroup_","position":[-443.844299,-481.081604,-317.106995],"isRenderEnabled":false,"rotationMatrix":[0.998397171,0.0565956831,0,-0.0565956831,0.998397171,0,0,0,1],"shapeName":"/levels/ms_s2/art/shapes/objects_hr/gazebo_white.dae","useInstanceRenderData":true}
{"class":"TSStatic","persistentId":"1b70c5b4-935c-452e-b75f-142366111737","__parent":"SimGroup_","position":[-446.626404,-484.199646,-319.654755],"isRenderEnabled":false,"rotationMatrix":[0.998397171,0.0565956831,0,-0.0565956831,0.998397171,0,0,0,1],"shapeName":"/levels/ms_s2/art/shapes/objects_hr/pole_metal1.dae","useInstanceRenderData":true}
{"class":"TSStatic","persistentId":"1c6b86dc-1ad1-4f4b-9cb9-169e07a059d9","__parent":"SimGroup_","position":[-313.750671,230.486099,-288.274323],"isRenderEnabled":false,"rotationMatrix":[-0.473285556,0.879411221,0.0513500497,-0.879089594,-0.467760086,-0.0916631818,-0.0565901324,-0.0885241479,0.994465172],"shapeName":"/levels/ms_s1/art/shapes/buildings/italy_construction_site_net_folded.DAE","useInstanceRenderData":true}
{"class":"TSStatic","persistentId":"1c9eb1fc-7f31-4e85-82c7-9388c523466d","__parent":"SimGroup_","position":[-436.662872,-464.326172,-319.654755],"isRenderEnabled":false,"rotationMatrix":[0.99971056,-0.02405761,0,0.02405761,0.99971056,0,0,0,1],"shapeName":"/levels/ms_s2/art/shapes/objects_hr/pole_metal1.dae","useInstanceRenderData":true}
{"class":"TSStatic","persistentId":"20799181-b86f-4ab1-96f8-cb2e0be4de8b","__parent":"SimGroup_","position":[256.80188,-196.123428,-208.973068],"isRenderEnabled":false,"rotationMatrix":[-0.962183833,-0.154944271,-0.224042043,0.183219045,-0.976744533,-0.11136055,-0.201577142,-0.148198068,0.968196273],"shapeName":"/levels/ms_s1/art/shapes/buildings/italy_construction_site_net.DAE","useInstanceRenderData":true}
{"class":"TSStatic","persistentId":"20e4904c-99d1-482f-b88f-19cd31900886","__parent":"SimGroup_","position":[-430.765381,-464.468079,-319.654755],"isRenderEnabled":false,"rotationMatrix":[0.99971056,-0.02405761,0,0.02405761,0.99971056,0,0,0,1],"shapeName":"/levels/ms_s2/art/shapes/objects_hr/pole_metal1.dae","useInstanceRenderData":true}
{"class":"TSStatic","persistentId":"20e8424a-3ede-4fa5-a40e-6599a2657cdd","__parent":"SimGroup_","position":[-418.029572,-495.058319,-319.804291],"isRenderEnabled":false,"rotationMatrix":[0.998826683,0.044430498,-0.0192665216,-0.0429988392,0.996672094,0.0692521408,0.0222793128,-0.0683424547,0.997413099],"shapeName":"/art/shapes/objects/s_metal_fence.dae","useInstanceRenderData":true}
{"class":"TSStatic","persistentId":"2125e523-13f6-408f-92f8-e6d1fbdbcfc0","__parent":"SimGroup_","position":[-260.589172,429.171967,-286.014648],"isRenderEnabled":false,"rotationMatrix":[0.0746582747,0.997166097,0.00928372703,-0.997100651,0.0747843385,-0.0140686454,-0.0147230532,-0.00820646528,0.999857962],"shapeName":"/levels/ms_s1/art/shapes/buildings/italy_construction_site_net.DAE","useInstanceRenderData":true}
{"class":"TSStatic","persistentId":"218c0b1f-a288-4a5e-99a1-48a4795fa0bb","__parent":"SimGroup_","position":[-408.83606,-482.928253,-318.630157],"isRenderEnabled":false,"rotationMatrix":[0.900469065,-0.414392978,-0.132037401,0.391777068,0.904688597,-0.167478949,0.188854843,0.0990803838,0.976993799],"shapeName":"/art/shapes/garage_and_dealership/Clutter/clutter_workshop_fire_extinguisher.dae","useInstanceRenderData":true}
{"class":"TSStatic","persistentId":"219be929-d466-4431-9f02-7a4a49ffcdcc","__parent":"SimGroup_","position":[-430.707977,-495.318115,-319.992706],"isRenderEnabled":false,"rotationMatrix":[-0.315091491,-0.949050486,0.00455437182,0.949056447,-0.315070868,0.00473080901,-0.00305482699,0.00581299281,0.999978423],"shapeName":"/art/shapes/objects/s_metal_fence.dae","useInstanceRenderData":true}
{"class":"TSStatic","persistentId":"22fed1d0-7cbb-474c-8021-13f853078e5c","__parent":"SimGroup_","position":[-430.768341,-470.698608,-319.654755],"isRenderEnabled":false,"rotationMatrix":[0.999951482,0.00984797627,0,-0.00984797627,0.999951482,0,0,0,1],"shapeName":"/levels/ms_s2/art/shapes/objects_hr/pole_metal1.dae","useInstanceRenderData":true}
{"class":"TSStatic","persistentId":"2352ca79-3ed1-469b-ba85-b34012c384fc","__parent":"SimGroup_","position":[254.555893,-196.499786,-209.519974],"isRenderEnabled":false,"rotationMatrix":[-0.956758738,-0.157426521,-0.244602382,0.185967013,-0.977636933,-0.098198384,-0.223673224,-0.139440104,0.964638174],"shapeName":"/levels/ms_s1/art/shapes/buildings/italy_construction_site_net_folded.DAE","useInstanceRenderData":true}
{"class":"TSStatic","persistentId":"24f3304f-e6e8-4835-befc-ac3c50c03b41","__parent":"SimGroup_","position":[-446.815521,-471.279297,-319.654755],"isRenderEnabled":false,"rotationMatrix":[0.999920666,-0.0125955781,0,0.0125955781,0.999920666,0,0,0,1],"shapeName":"/levels/ms_s2/art/shapes/objects_hr/pole_metal1.dae","useInstanceRenderData":true}
{"class":"TSStatic","persistentId":"25ff0d65-85d5-4b5a-ad93-ad3b3e44eb98","__parent":"SimGroup_","position":[-334.830902,129.755127,-289.881866],"isRenderEnabled":false,"rotationMatrix":[0.341102839,0.937744081,0.0654600561,-0.939766467,0.338544607,0.0471863151,0.022087533,-0.0776125491,0.996738911],"shapeName":"/levels/ms_s1/art/shapes/buildings/italy_construction_site_net.DAE","useInstanceRenderData":true}
{"class":"TSStatic","persistentId":"27ac14a8-11ee-4f13-a242-d4336513e4bb","__parent":"SimGroup_","position":[-446.181091,-488.927795,-320.084137],"isRenderEnabled":false,"rotationMatrix":[0.807661951,0.589645803,0,-0.589645803,0.807661951,0,0,0,1],"shapeName":"/art/shapes/garage_and_dealership/Clutter/plastic_can_small.DAE","useInstanceRenderData":true}
{"class":"TSStatic","persistentId":"29329fa1-0bd3-485a-b82a-6151501cd93f","__parent":"SimGroup_","position":[-440.97345,-471.008881,-319.654755],"isRenderEnabled":false,"rotationMatrix":[1,0.000239482164,0,-0.000239482164,1,0,0,0,1],"shapeName":"/levels/ms_s2/art/shapes/objects_hr/pole_metal1.dae","useInstanceRenderData":true}
{"class":"TSStatic","persistentId":"29a64e6b-f926-42b6-b784-d5b2e1c324ea","__parent":"SimGroup_","position":[-440.497925,-497.495148,-319.654755],"isRenderEnabled":false,"rotationMatrix":[0.997563243,0.0697679892,0,-0.0697679892,0.997563243,0,0,0,1],"shapeName":"/levels/ms_s2/art/shapes/objects_hr/pole_metal1.dae","useInstanceRenderData":true}
{"class":"TSStatic","persistentId":"2c858ddf-b4d2-4fc5-92aa-c2d9610c9294","__parent":"SimGroup_","position":[-348.008331,108.782303,-290.5578],"isRenderEnabled":false,"rotationMatrix":[0.500888228,0.865499437,-0.00465037301,-0.858921945,0.497729063,0.120494209,0.106602311,-0.0563598201,0.99270314],"shapeName":"/levels/ms_s1/art/shapes/buildings/italy_construction_site_net.DAE","useInstanceRenderData":true}
{"class":"TSStatic","persistentId":"2e6c9b40-62ab-4b67-bb31-e8483b9928fb","__parent":"SimGroup_","position":[-436.643066,-484.465393,-319.654755],"isRenderEnabled":false,"rotationMatrix":[0.99993217,0.011648831,0,-0.011648831,0.99993217,0,0,0,1],"shapeName":"/levels/ms_s2/art/shapes/objects_hr/pole_metal1.dae","useInstanceRenderData":true}
{"class":"TSStatic","persistentId":"2e7777e1-2417-4165-9cf1-30e922ed6dd6","__parent":"SimGroup_","position":[-418.29068,-481.811981,-317.906952],"collisionType":"None","decalType":"None","isRenderEnabled":false,"rotationMatrix":[-0.049318552,0.991789818,0.117987245,0.0125557482,-0.117506266,0.992992938,0.998704314,0.0504541993,-0.0066576004],"scale":[0.25034371,0.25034371,0.25034371],"shapeName":"/levels/ms_s2/art/shapes/buildings/charging_station_b.DAE","useInstanceRenderData":true}
{"class":"TSStatic","persistentId":"2fc07dec-cb4c-4d70-97dd-c5c5cc96905f","__parent":"SimGroup_","position":[-446.966736,-478.294159,-319.654755],"isRenderEnabled":false,"rotationMatrix":[0.998397171,0.0565956831,0,-0.0565956831,0.998397171,0,0,0,1],"shapeName":"/levels/ms_s2/art/shapes/objects_hr/pole_metal1.dae","useInstanceRenderData":true}
{"class":"TSStatic","persistentId":"31433063-60c7-4d6b-b1b9-0b881d0e753c","__parent":"SimGroup_","position":[-446.331085,-489.416748,-320.087708],"isRenderEnabled":false,"rotationMatrix":[0.807661951,0.589645803,0,-0.589645803,0.807661951,0,0,0,1],"shapeName":"/art/shapes/garage_and_dealership/Clutter/clutter_workshop_black_oil.dae","useInstanceRenderData":true}
{"class":"TSStatic","persistentId":"3566e46c-14f9-41b9-b4d9-bef0d4c131af","__parent":"SimGroup_","position":[-419.534485,-496.247375,-319.906006],"isRenderEnabled":false,"rotationMatrix":[0.0956932902,-0.99473381,-0.0367079414,0.995365024,0.095269978,0.0131174689,-0.00955122616,-0.0377930552,0.999239922],"shapeName":"/art/shapes/objects/s_metal_fence.dae","useInstanceRenderData":true}
{"class":"TSStatic","persistentId":"388e2798-e1ee-4ab6-b8bb-66359a644355","__parent":"SimGroup_","position":[189.690674,-220.99646,-216.390778],"isRenderEnabled":false,"rotationMatrix":[0.544765651,0.835154653,0.0758088082,-0.83273375,0.549410939,-0.0685720295,-0.098918438,-0.0257728677,0.994761705],"shapeName":"/levels/ms_s1/art/shapes/buildings/italy_construction_site_net.DAE","useInstanceRenderData":true}
{"class":"TSStatic","persistentId":"39d540c8-8c98-4ac1-8a27-f09db4bd38c6","__parent":"SimGroup_","position":[-433.268066,-494.365112,-320.006073],"isRenderEnabled":false,"rotationMatrix":[-0.376304746,-0.926486492,0.00423620595,0.926491141,-0.376283646,0.00501771132,-0.00305482722,0.00581299374,0.999978423],"shapeName":"/art/shapes/objects/s_metal_fence.dae","useInstanceRenderData":true}
{"class":"TSStatic","persistentId":"3a9e03dc-f5f3-4ca9-8ab2-1607cdae44c0","__parent":"SimGroup_","position":[-440.941986,-491.103119,-319.654755],"isRenderEnabled":false,"rotationMatrix":[0.99993217,0.011648831,0,-0.011648831,0.99993217,0,0,0,1],"shapeName":"/levels/ms_s2/art/shapes/objects_hr/pole_metal1.dae","useInstanceRenderData":true}
{"class":"TSStatic","persistentId":"3baae4ee-c3bd-49be-a666-96f6812e680b","__parent":"SimGroup_","position":[-408.368805,-483.067627,-317.818024],"isRenderEnabled":false,"rotationMatrix":[0.152972341,0.985262632,0.0765299425,-0.985742807,0.15762037,-0.0588796809,-0.0700746253,-0.0664318874,0.995327234],"shapeName":"/art/shapes/garage_and_dealership/garage/s_laptop.dae","useInstanceRenderData":true}
{"class":"TSStatic","persistentId":"3f53eb7f-a943-489b-99cd-13b91cf8856d","__parent":"SimGroup_","position":[187.344498,-225.15419,-216.795853],"isRenderEnabled":false,"rotationMatrix":[0.45551151,0.886478901,0.0816359818,-0.884190679,0.461178482,-0.0743047297,-0.103518337,-0.038335111,0.993888497],"shapeName":"/levels/ms_s1/art/shapes/buildings/italy_construction_site_net.DAE","useInstanceRenderData":true}
{"class":"TSStatic","persistentId":"40bf6db1-f7c1-4edf-b351-3d571ec2c089","__parent":"SimGroup_","position":[-418.050323,-449.989105,-315.569275],"isRenderEnabled":false,"rotationMatrix":[0.991476417,-0.103232652,0.079482615,0.101827815,0.994568825,0.0215404481,-0.0812746137,-0.0132633066,0.996603489],"shapeName":"/levels/ms_s1/art/shapes/race/sign_finish.dae","useInstanceRenderData":true}
{"class":"TSStatic","persistentId":"41c6949f-b6b2-4a81-8082-6a1e3e2ba3eb","__parent":"SimGroup_","position":[-440.977844,-465.093506,-319.654755],"isRenderEnabled":false,"rotationMatrix":[1,0.000239482164,0,-0.000239482164,1,0,0,0,1],"shapeName":"/levels/ms_s2/art/shapes/objects_hr/pole_metal1.dae","useInstanceRenderData":true}
{"class":"TSStatic","persistentId":"41ff8f14-815b-4942-b9c1-9aa572c90ad9","__parent":"SimGroup_","position":[-436.41925,-483.989502,-319.654755],"isRenderEnabled":false,"rotationMatrix":[0.997385502,0.0722642988,0,-0.0722642988,0.997385502,0,0,0,1],"shapeName":"/levels/ms_s2/art/shapes/objects_hr/pole_metal1.dae","useInstanceRenderData":true}
{"class":"TSStatic","persistentId":"422c55b2-4c58-4d97-8786-95d80537acb8","__parent":"SimGroup_","position":[293.798248,-478.78833,-241.929184],"isRenderEnabled":false,"rotationMatrix":[0.992903233,0.118912347,0.00174097833,-0.118760221,0.992191076,-0.0381168425,-0.00625994708,0.0376395732,0.99927175],"shapeName":"/levels/ms_s1/art/shapes/buildings/italy_construction_site_net.DAE","useInstanceRenderData":true}
{"class":"TSStatic","persistentId":"43b650be-28ec-4d30-be4f-d84f85557f82","__parent":"SimGroup_","position":[181.395859,-262.53772,-219.328873],"isRenderEnabled":false,"rotationMatrix":[-0.185231209,0.981137872,0.055296775,-0.981612086,-0.182093143,-0.0572676137,-0.0461182557,-0.0648877472,0.996826291],"shapeName":"/levels/ms_s1/art/shapes/buildings/italy_construction_site_net.DAE","useInstanceRenderData":true}
{"class":"TSStatic","persistentId":"43e5c7d6-50e8-421b-942d-a3156bb925c1","__parent":"SimGroup_","position":[297.696503,-487.350677,-241.769302],"isRenderEnabled":false,"rotationMatrix":[-0.691841602,-0.722048998,0,0.722048998,-0.691841602,0,0,0,1],"shapeName":"/art/shapes/garage_and_dealership/Clutter/plastic_can_small.DAE","useInstanceRenderData":true}
{"class":"TSStatic","persistentId":"43ea27c4-84c7-4d35-a0ef-9eea894e0299","__parent":"SimGroup_","position":[-446.879608,-465.094971,-319.654755],"isRenderEnabled":false,"rotationMatrix":[1,0.000239482164,0,-0.000239482164,1,0,0,0,1],"shapeName":"/levels/ms_s2/art/shapes/objects_hr/pole_metal1.dae","useInstanceRenderData":true}
{"class":"TSStatic","persistentId":"446f4f47-c547-47ff-a379-27819e51c721","__parent":"SimGroup_","position":[-447.048279,-464.789062,-319.654755],"isRenderEnabled":false,"rotationMatrix":[0.999876022,-0.015746193,0,0.015746193,0.999876022,0,0,0,1],"shapeName":"/levels/ms_s2/art/shapes/objects_hr/pole_metal1.dae","useInstanceRenderData":true}
{"class":"TSStatic","persistentId":"45b45f9e-82f2-4a99-b0f3-d248d120229c","__parent":"SimGroup_","position":[-286.455811,-67.9124603,-285.815186],"isRenderEnabled":false,"rotationMatrix":[0.58759284,-0.802603364,-0.10277395,0.805081844,0.592629671,-0.0251642428,0.0811038017,-0.0679551214,0.994386375],"shapeName":"/levels/ms_s1/art/shapes/race/sign_checkpoint.dae","useInstanceRenderData":true}
{"class":"TSStatic","persistentId":"45ee1972-900d-489a-ab4e-f42e6d3d7e83","__parent":"SimGroup_","position":[297.394196,-479.093323,-241.448135],"collisionType":"None","decalType":"None","isRenderEnabled":false,"rotationMatrix":[-0.951435566,-0.307847619,0,0.307847619,-0.951435566,0,0,0,1],"scale":[0.522900343,0.522900343,0.522900343],"shapeName":"/art/shapes/objects/s_standinglight_01.dae","useInstanceRenderData":true}
{"class":"TSStatic","persistentId":"4623ca05-929d-4531-b177-4511cd49ffbb","__parent":"SimGroup_","position":[296.999115,-478.75116,-241.418259],"isRenderEnabled":false,"rotationMatrix":[-0.985968232,-0.139243618,0.0920720324,0.139837608,-0.990174174,4.65661287e-10,0.091167368,0.0128751341,0.995752335],"shapeName":"/levels/ms_s1/art/shapes/race/race_rally_finish_checkpoint_red.dae","useInstanceRenderData":true}
{"class":"TSStatic","persistentId":"4782b1a3-14ed-408b-bbb0-bafe14c924de","__parent":"SimGroup_","position":[294.158905,-481.830505,-238.697708],"isRenderEnabled":false,"rotationMatrix":[-0.969902873,-0.243491426,0,0.243491426,-0.969902873,0,0,0,1],"shapeName":"/levels/ms_s2/art/shapes/objects_hr/gazebo_striped_blue.dae","useInstanceRenderData":true}
{"class":"TSStatic","persistentId":"47b22dcb-b4fb-41db-b1a1-80bc67b0dcbd","__parent":"SimGroup_","position":[-259.406921,422.322052,-286.030518],"isRenderEnabled":false,"rotationMatrix":[0.532538414,-0.846405804,0,0.846405804,0.532538414,0,0,0,1],"shapeName":"/levels/ms_s1/art/shapes/buildings/italy_construction_site_net_folded.DAE","useInstanceRenderData":true}
{"class":"TSStatic","persistentId":"47d6ec0f-2737-47e7-8d93-06c6188d4c73","__parent":"SimGroup_","position":[181.284149,-262.563721,-219.319611],"isRenderEnabled":false,"rotationMatrix":[0.163628757,-0.986522019,0,0.986522019,0.163628757,0,0,0,1],"shapeName":"/levels/ms_s1/art/shapes/buildings/italy_construction_site_net_folded.DAE","useInstanceRenderData":true}
{"class":"TSStatic","persistentId":"48542ed9-650a-4a0b-9c84-a4598a14bfbf","__parent":"SimGroup_","position":[-436.568604,-490.380219,-319.654755],"isRenderEnabled":false,"rotationMatrix":[0.99993217,0.011648831,0,-0.011648831,0.99993217,0,0,0,1],"shapeName":"/levels/ms_s2/art/shapes/objects_hr/pole_metal1.dae","useInstanceRenderData":true}
{"class":"TSStatic","persistentId":"489aa2a3-bef4-4ddc-b943-b67462aa63f8","__parent":"SimGroup_","position":[-254.557327,439.330902,-286.015991],"isRenderEnabled":false,"rotationMatrix":[0.73503387,0.678028107,0.00174097437,-0.677487612,0.734545767,-0.03811685,-0.0271231271,0.0268376842,0.99927175],"shapeName":"/levels/ms_s1/art/shapes/buildings/italy_construction_site_net.DAE","useInstanceRenderData":true}
{"class":"TSStatic","persistentId":"4a167ff5-28a2-4639-a2c0-0d96b7054e8f","__parent":"SimGroup_","position":[-279.851318,-76.7556915,-285.750427],"isRenderEnabled":false,"rotationMatrix":[0.546550155,-0.829933107,0.111776538,0.836247981,0.547975838,-0.0202924423,-0.0444094762,0.104563743,0.993526161],"shapeName":"/levels/ms_s1/art/shapes/race/sign_checkpoint.dae","useInstanceRenderData":true}
{"class":"TSStatic","persistentId":"4a770881-ed65-4a67-9a30-6c635b2b140a","__parent":"SimGroup_","position":[296.301971,-478.256226,-241.918655],"isRenderEnabled":false,"rotationMatrix":[0.810445964,-0.585813344,0,0.585813344,0.810445964,0,0,0,1],"shapeName":"/levels/ms_s1/art/shapes/buildings/italy_construction_site_net_rolled.DAE","useInstanceRenderData":true}
{"class":"TSStatic","persistentId":"4bcab3cf-040d-4907-bbf4-50725eb2e986","__parent":"SimGroup_","position":[-259.356293,433.774414,-286.015991],"isRenderEnabled":false,"rotationMatrix":[0.607578218,0.794257939,0.0017409781,-0.793641627,0.607190311,-0.0381168723,-0.0313317329,0.0217772722,0.99927175],"shapeName":"/levels/ms_s1/art/shapes/buildings/italy_construction_site_net.DAE","useInstanceRenderData":true}
{"class":"TSStatic","persistentId":"4c195baa-70ba-4a7d-8624-d3ed7840cbcc","__parent":"SimGroup_","position":[264.176208,-191.150238,-206.663712],"isRenderEnabled":false,"rotationMatrix":[-0.502642632,-0.832305431,-0.233706713,0.848572135,-0.526660204,0.050548505,-0.165155709,-0.172909126,0.970992267],"shapeName":"/levels/ms_s1/art/shapes/buildings/italy_construction_site_net.DAE","useInstanceRenderData":true}
{"class":"TSStatic","persistentId":"4d840325-5cec-40e5-8d8f-64d399437811","__parent":"SimGroup_","position":[-315.563293,56.8059731,-288.025421],"isRenderEnabled":false,"rotationMatrix":[-0.322517276,0.929853678,-0.177072838,-0.935680628,-0.341466665,-0.0888947248,-0.143123552,0.137013555,0.980174959],"shapeName":"/levels/ms_s1/art/shapes/race/sign_checkpoint.dae","useInstanceRenderData":true}
{"class":"TSStatic","persistentId":"4e286250-99c3-4a68-8da2-fd11b8aa888a","__parent":"SimGroup_","position":[449.212921,318.20462,-145.522873],"isRenderEnabled":false,"rotationMatrix":[-0.603690863,0.795966327,0.0446659327,-0.797171772,-0.6033144,-0.0230026878,0.00863823108,-0.0494929291,0.998737097],"shapeName":"/levels/ms_s1/art/shapes/race/sign_checkpoint.dae","useInstanceRenderData":true}
{"class":"TSStatic","persistentId":"4fe1a548-c945-4e28-84ff-c68471e46194","__parent":"SimGroup_","position":[-446.960693,-458.87442,-319.654755],"isRenderEnabled":false,"rotationMatrix":[0.999876022,-0.015746193,0,0.015746193,0.999876022,0,0,0,1],"shapeName":"/levels/ms_s2/art/shapes/objects_hr/pole_metal1.dae","useInstanceRenderData":true}
{"class":"TSStatic","persistentId":"501c2f50-08d0-4cbd-9cbe-2957738cfe70","__parent":"SimGroup_","position":[290.582764,-479.680969,-241.245468],"isRenderEnabled":false,"rotationMatrix":[-0.969902873,-0.243491426,0,0.243491426,-0.969902873,0,0,0,1],"shapeName":"/levels/ms_s2/art/shapes/objects_hr/pole_metal1.dae","useInstanceRenderData":true}
{"class":"TSStatic","persistentId":"517505ff-808d-4566-b59f-5fc361318a89","__parent":"SimGroup_","position":[303.606232,-477.050781,-240.697723],"collisionType":"None","decalType":"None","isRenderEnabled":false,"rotationMatrix":[0.307847261,-0.951435804,2.68220901e-07,-1.49011612e-07,2.38418579e-07,1,-0.951435804,-0.307847261,-1.1920929e-07],"scale":[0.25034371,0.25034371,0.25034371],"shapeName":"/levels/ms_s2/art/shapes/buildings/charging_station_b.DAE","useInstanceRenderData":true}
{"class":"TSStatic","persistentId":"51a44cf3-9fe1-43f9-b3a1-68e5f24abaea","__parent":"SimGroup_","position":[-433.649109,-487.390411,-317.106995],"isRenderEnabled":false,"rotationMatrix":[0.99993217,0.011648831,0,-0.011648831,0.99993217,0,0,0,1],"shapeName":"/levels/ms_s2/art/shapes/objects_hr/gazebo_yellow.dae","useInstanceRenderData":true}
{"class":"TSStatic","persistentId":"556f3ede-55ee-4e13-9823-b627350628f7","__parent":"SimGroup_","position":[-259.314117,422.270844,-286.014648],"isRenderEnabled":false,"rotationMatrix":[-0.344725966,0.938657701,0.00928372797,-0.93865031,-0.344584107,-0.0140686473,-0.0100066205,-0.0135639971,0.999857962],"shapeName":"/levels/ms_s1/art/shapes/buildings/italy_construction_site_net.DAE","useInstanceRenderData":true}
{"class":"TSStatic","persistentId":"55b7f7f5-6654-42ba-a1cc-f603f757900e","__parent":"SimGroup_","position":[186.19371,-227.252579,-216.996109],"isRenderEnabled":false,"rotationMatrix":[0.475579858,0.87607187,0.0795100629,-0.875068367,0.480389774,-0.0589996353,-0.0898837447,-0.0415177047,0.995086551],"shapeName":"/levels/ms_s1/art/shapes/buildings/italy_construction_site_net.DAE","useInstanceRenderData":true}
{"class":"TSStatic","persistentId":"57707d83-d881-4f76-a22b-b7b44d828c3c","__parent":"SimGroup_","position":[230.725021,338.153259,-238.368866],"isRenderEnabled":false,"rotationMatrix":[0.791358113,0.603876412,0.0953186899,-0.602382123,0.796821713,-0.0470197871,-0.104346141,-0.0202087909,0.994335711],"shapeName":"/levels/ms_s1/art/shapes/buildings/italy_construction_site_net.DAE","useInstanceRenderData":true}
{"class":"TSStatic","persistentId":"579f6bdd-b761-44f8-8c6b-6fcfb587db4c","__parent":"SimGroup_","position":[-446.411652,-489.121826,-320.085205],"isRenderEnabled":false,"rotationMatrix":[0.807661951,0.589645803,0,-0.589645803,0.807661951,0,0,0,1],"shapeName":"/art/shapes/garage_and_dealership/Clutter/clutter_workshop_green_can.dae","useInstanceRenderData":true}
{"class":"TSStatic","persistentId":"57decc89-0c01-4178-bb20-a1538b09f003","__parent":"SimGroup_","position":[263.068024,-193.152435,-207.198151],"isRenderEnabled":false,"rotationMatrix":[-0.765992284,-0.592094362,-0.250359952,0.610856473,-0.791733742,0.00347381085,-0.200275242,-0.150273085,0.968146622],"shapeName":"/levels/ms_s1/art/shapes/buildings/italy_construction_site_net.DAE","useInstanceRenderData":true}
{"class":"TSStatic","persistentId":"5aaf0dcd-27bd-49a8-9dbe-41b1bbd58723","__parent":"SimGroup_","position":[250.906189,343.725311,-236.416931],"isRenderEnabled":false,"rotationMatrix":[0.997582078,0,0.0694977567,0,1,0,-0.0694977567,0,0.997582078],"shapeName":"/levels/ms_s1/art/shapes/buildings/italy_construction_site_net_folded.DAE","useInstanceRenderData":true}
{"class":"TSStatic","persistentId":"5e4164ac-c88c-4241-b90e-3a1656760b71","__parent":"SimGroup_","position":[265.147308,-189.089417,-206.189987],"isRenderEnabled":false,"rotationMatrix":[-0.393660665,-0.894490182,-0.211942121,0.898166597,-0.423369765,0.118556693,-0.19577755,-0.143688217,0.970064342],"shapeName":"/levels/ms_s1/art/shapes/buildings/italy_construction_site_net.DAE","useInstanceRenderData":true}
{"class":"TSStatic","persistentId":"5ea688a2-d652-4bbc-8f35-5e92916cf63e","__parent":"SimGroup_","position":[-440.54071,-497.164307,-320.005219],"isRenderEnabled":false,"rotationMatrix":[0.262485504,0.964935839,0,-0.964935839,0.262485504,0,0,0,1],"shapeName":"/art/shapes/garage_and_dealership/garage/s_small_toolbox_02.dae","useInstanceRenderData":true}
{"class":"TSStatic","persistentId":"5edf2e51-d57b-46a3-ac4f-df93b31f810b","__parent":"SimGroup_","position":[234.669815,340.727203,-237.95285],"isRenderEnabled":false,"rotationMatrix":[0.919567049,0.381675929,0.0933804885,-0.378748327,0.924254656,-0.0479893014,-0.104623713,0.00876167417,0.994473279],"shapeName":"/levels/ms_s1/art/shapes/buildings/italy_construction_site_net.DAE","useInstanceRenderData":true}
{"class":"TSStatic","persistentId":"60c027b5-e0b9-457a-bc49-e10811452ce9","__parent":"SimGroup_","position":[265.946045,-184.573593,-205.394577],"isRenderEnabled":false,"rotationMatrix":[-0.119320512,0.986803234,0.109462708,-0.967656553,-0.0909016132,-0.2353248,-0.222268939,-0.134001374,0.965732932],"shapeName":"/levels/ms_s1/art/shapes/buildings/italy_construction_site_net_folded.DAE","useInstanceRenderData":true}
{"class":"TSStatic","persistentId":"618b7a94-3ce4-45fb-aac2-2bf3e39d0dc4","__parent":"SimGroup_","position":[180.500092,-248.153778,-218.503448],"isRenderEnabled":false,"rotationMatrix":[0.0757876635,0.995681643,0.0536110401,-0.995106101,0.0789435506,-0.0594266504,-0.0634022728,-0.0488448814,0.996792018],"shapeName":"/levels/ms_s1/art/shapes/buildings/italy_construction_site_net.DAE","useInstanceRenderData":true}
{"class":"TSStatic","persistentId":"6347da11-a112-4fa6-99f3-52aec38d0bcd","__parent":"SimGroup_","position":[444.955444,340.763763,-149.890671],"isRenderEnabled":false,"rotationMatrix":[-0.766790509,-0.631372035,-0.115763508,0.632311285,-0.774005532,0.0331284292,-0.110517986,-0.0477960072,0.99272418],"shapeName":"/levels/ms_s1/art/shapes/buildings/italy_construction_site_net_folded.DAE","useInstanceRenderData":true}
{"class":"TSStatic","persistentId":"63efd605-e6ee-4931-8131-a827599a8722","__parent":"SimGroup_","position":[-334.925995,129.73555,-289.900635],"isRenderEnabled":false,"rotationMatrix":[0.216470778,-0.975859582,-0.0289586782,0.969271243,0.218370318,-0.113260284,0.11684984,-0.00355126709,0.99314326],"shapeName":"/levels/ms_s1/art/shapes/buildings/italy_construction_site_net_folded.DAE","useInstanceRenderData":true}
{"class":"TSStatic","persistentId":"66325711-5d59-4ad7-b9f5-858fa872a601","__parent":"SimGroup_","position":[-435.352936,-492.787567,-320.021637],"isRenderEnabled":false,"rotationMatrix":[-0.804557562,-0.593873441,0.000994420028,0.593866408,-0.804537177,0.00649106735,-0.00305482466,0.00581299188,0.999978423],"shapeName":"/art/shapes/objects/s_metal_fence.dae","useInstanceRenderData":true}
