{"name":"SimGroup_","class":"SimGroup","persistentId":"83170710-4b51-4c83-be67-8db9959b3c46","groupPosition":"0 0 0"}
{"class":"TSStatic","persistentId":"002d3fe6-0b1e-44a8-b540-b64f1627a7dc","__parent":"SimGroup_","position":[470.454224,450.586029,242.170242],"isRenderEnabled":false,"rotationMatrix":[-0.207044363,-0.978331268,0,0.978331268,-0.207044363,0,0,0,1],"shapeName":"/levels/ms_s3/art/shapes/objects_hr/pole_metal1.dae","useInstanceRenderData":true}
{"class":"TSStatic","persistentId":"00cdddbd-2fcb-4530-b175-17c4bb6316d1","__parent":"SimGroup_","position":[-359.347351,-271.136353,45.2009735],"isRenderEnabled":false,"rotationMatrix":[0.934713006,0.355403394,0,-0.355403394,0.934713006,0,0,0,1],"shapeName":"/levels/ms_s3/art/shapes/objects_hr/hr_tirestack_white.dae","useInstanceRenderData":true}
{"class":"TSStatic","persistentId":"01683375-80ca-40bb-9009-9c6b2a075200","__parent":"SimGroup_","position":[-241.726181,-294.09726,53.0395927],"isRenderEnabled":false,"rotationMatrix":[-0.648814201,0.760111094,-0.0356605835,-0.760594845,-0.649227142,-9.31322575e-10,-0.0231518112,0.0271232538,0.999363959],"shapeName":"/levels/ms_s3/art/shapes/race/sign_checkpoint.dae","useInstanceRenderData":true}
{"class":"TSStatic","persistentId":"034c35d1-577c-47a4-a994-fb71a21b516d","__parent":"SimGroup_","position":[471.202545,-149.032944,77.4625168],"isRenderEnabled":false,"rotationMatrix":[0.822524428,0.555504739,0.121934451,-0.504674971,0.811761856,-0.293846548,-0.262214899,0.180158705,0.948043346],"shapeName":"/levels/ms_s3/art/shapes/race/sign_checkpoint.dae","useInstanceRenderData":true}
{"class":"TSStatic","persistentId":"0613ad7f-6492-45ce-8154-040296f3ee35","__parent":"SimGroup_","position":[284.745117,243.603806,198.985291],"isRenderEnabled":false,"rotationMatrix":[0.258106053,0.965355337,-0.0383456573,-0.960231125,0.251957178,-0.120307378,-0.106477909,0.0678727552,0.991995811],"shapeName":"/levels/ms_s3/art/shapes/buildings/italy_construction_site_net.DAE","useInstanceRenderData":true}
{"class":"TSStatic","persistentId":"06cb73ea-efa9-44fc-8ab5-e472e2b326d2","__parent":"SimGroup_","position":[-360.413757,-272.83493,45.0576401],"isRenderEnabled":false,"rotationMatrix":[0.963511586,0.267666727,0,-0.267666727,0.963511586,0,0,0,1],"shapeName":"/levels/ms_s3/art/shapes/objects_hr/hr_tirestack_green.dae","useInstanceRenderData":true}
{"class":"TSStatic","persistentId":"06e7c685-a049-434b-853e-c028608c4e8b","__parent":"SimGroup_","position":[-267.287537,-151.412277,33.9848213],"isRenderEnabled":false,"rotationMatrix":[-0.924631238,-0.380863965,0,0.380863965,-0.924631238,0,0,0,1],"shapeName":"/levels/ms_s3/art/shapes/buildings/italy_construction_site_net_folded.DAE","useInstanceRenderData":true}
{"class":"TSStatic","persistentId":"06f2bc1c-6529-443b-a8c5-78ce44c69130","__parent":"SimGroup_","position":[287.958313,252.997986,198.687439],"isRenderEnabled":false,"rotationMatrix":[0.429773867,0.902801096,-0.0156393535,-0.896636426,0.42466861,-0.125298306,-0.106477916,0.0678727478,0.991995811],"shapeName":"/levels/ms_s3/art/shapes/buildings/italy_construction_site_net.DAE","useInstanceRenderData":true}
{"class":"TSStatic","persistentId":"08ed5ae9-a33f-4cb7-94a2-ccfba1f274f3","__parent":"SimGroup_","position":[469.462006,446.011475,241.729523],"isRenderEnabled":false,"rotationMatrix":[0.915405512,-0.402532876,0,0.402532876,0.915405512,0,0,0,1],"shapeName":"/art/shapes/garage_and_dealership/Clutter/clutter_workshop_black_oil.dae","useInstanceRenderData":true}
{"class":"TSStatic","persistentId":"094f2f69-0802-44f7-9cb5-54de094e1efc","__parent":"SimGroup_","position":[-314.177887,-180.113495,37.8845978],"isRenderEnabled":false,"rotationMatrix":[0.965570569,0.259671658,-0.01562378,-0.260139912,0.964016318,-0.0547702983,0.000839282293,0.0569489598,0.998376727],"shapeName":"/levels/ms_s3/art/shapes/buildings/italy_construction_site_net.DAE","useInstanceRenderData":true}
{"class":"TSStatic","persistentId":"09cb274d-d4b4-48a7-bf19-cbd4c67acc7d","__parent":"SimGroup_","position":[-371.064636,-277.05191,44.7194901],"isRenderEnabled":false,"rotationMatrix":[0.347756445,0.937584996,0,-0.937584996,0.347756445,0,0,0,1],"shapeName":"/levels/ms_s3/art/shapes/buildings/italy_construction_site_net.DAE","useInstanceRenderData":true}
{"class":"TSStatic","persistentId":"0b984c50-be08-4b40-ae11-c0608c3b3a46","__parent":"SimGroup_","position":[303.33725,221.38681,200.98497],"isRenderEnabled":false,"rotationMatrix":[0.989340246,0.141601413,0.0339837968,-0.142816424,0.989077151,0.03646788,-0.0284486916,-0.0409325883,0.998756826],"shapeName":"/levels/ms_s3/art/shapes/buildings/italy_construction_site_net_folded.DAE","useInstanceRenderData":true}
{"class":"TSStatic","persistentId":"0bc83f39-7664-45a6-af22-ff75bd03f97a","__parent":"SimGroup_","position":[-234.561813,-272.629089,50.8697586],"isRenderEnabled":false,"rotationMatrix":[0.82086575,-0.570963264,-0.013429407,0.569374561,0.819966674,-0.0588822141,0.0446312539,0.040688023,0.998174608],"shapeName":"/levels/ms_s3/art/shapes/buildings/italy_construction_site_net.DAE","useInstanceRenderData":true}
{"class":"TSStatic","persistentId":"0c80ddd3-ee4b-477c-9494-9d6448c6be95","__parent":"SimGroup_","position":[412.153259,-48.5182114,100.555321],"isRenderEnabled":false,"rotationMatrix":[0.735824108,-0.677172661,0,0.677172661,0.735824108,0,0,0,1],"shapeName":"/levels/ms_s3/art/shapes/buildings/italy_construction_site_net.DAE","useInstanceRenderData":true}
{"class":"TSStatic","persistentId":"0ce4756b-f25b-4ea8-8e2c-a0e047a57338","__parent":"SimGroup_","position":[407.456573,-37.1598091,100.555321],"isRenderEnabled":false,"rotationMatrix":[0.239777684,-0.970827758,0,0.970827758,0.239777684,0,0,0,1],"shapeName":"/levels/ms_s3/art/shapes/buildings/italy_construction_site_net.DAE","useInstanceRenderData":true}
{"class":"TSStatic","persistentId":"0d7cab43-1523-41c4-95d3-71cc6a60eb3f","__parent":"SimGroup_","position":[-174.553467,-391.128113,112.881409],"isRenderEnabled":false,"rotationMatrix":[-0.300479412,0.953788161,0,-0.953788161,-0.300479412,0,0,0,1],"shapeName":"/art/shapes/garage_and_dealership/Clutter/clutter_workshop_green_can.dae","useInstanceRenderData":true}
{"class":"TSStatic","persistentId":"102a4c84-dd46-4fd1-9bac-2419b528d23f","__parent":"SimGroup_","position":[-466.186737,-306.128113,41.1052666],"isRenderEnabled":false,"rotationMatrix":[0.120720029,0.991900146,-0.039505139,-0.99264437,0.120986044,0.00440449268,0.00914838444,0.0386828482,0.999209642],"shapeName":"/levels/ms_s3/art/shapes/buildings/italy_construction_site_net_folded.DAE","useInstanceRenderData":true}
{"class":"TSStatic","persistentId":"1034a52e-07fc-4860-aaca-75097acb43bc","__parent":"SimGroup_","position":[481.105743,442.369507,242.170242],"isRenderEnabled":false,"rotationMatrix":[-0.116315007,-0.993212342,0,0.993212342,-0.116315007,0,0,0,1],"shapeName":"/levels/ms_s3/art/shapes/objects_hr/pole_metal1.dae","useInstanceRenderData":true}
{"class":"TSStatic","persistentId":"126ae54d-436e-46c0-8e08-ced13980b379","__parent":"SimGroup_","position":[290.259064,257.39502,198.633545],"isRenderEnabled":false,"rotationMatrix":[0.575223207,0.817976058,0.00577652827,-0.811036766,0.571234107,-0.126138344,-0.106477916,0.067872718,0.991995811],"shapeName":"/levels/ms_s3/art/shapes/buildings/italy_construction_site_net.DAE","useInstanceRenderData":true}
{"class":"TSStatic","persistentId":"13fa7090-ee0b-4d83-a74e-663b50d6f1dc","__parent":"SimGroup_","position":[-185.591965,-396.013519,113.429558],"isRenderEnabled":false,"rotationMatrix":[-0.899084687,-0.437774271,0,0.437774271,-0.899084687,0,0,0,1],"shapeName":"/art/shapes/garage_and_dealership/garage/s_laptop.dae","useInstanceRenderData":true}
{"class":"TSStatic","persistentId":"15b8e015-0367-4584-ba7f-5ac5e8e75e05","__parent":"SimGroup_","position":[-169.714218,-393.343781,112.832466],"isRenderEnabled":false,"rotationMatrix":[0.285140395,-0.958072841,-0.0281313304,0.958484948,0.285056174,0.00704483595,0.00126954541,-0.0289722234,0.99957943],"shapeName":"/art/shapes/objects/s_metal_fence.dae","useInstanceRenderData":true}
{"class":"TSStatic","persistentId":"1d199a98-f01c-40de-b52f-d7a4a7158787","__parent":"SimGroup_","position":[471.397827,441.031128,244.718002],"isRenderEnabled":false,"rotationMatrix":[-0.25087738,-0.968018472,0,0.968018472,-0.25087738,0,0,0,1],"shapeName":"/levels/ms_s3/art/shapes/objects_hr/gazebo_red.dae","useInstanceRenderData":true}
{"class":"TSStatic","persistentId":"1ec935e7-620d-4960-bbc3-ae0beb0966ee","__parent":"SimGroup_","position":[-233.408203,-283.44928,51.2592316],"isRenderEnabled":false,"rotationMatrix":[-0.276637197,-0.959594309,0.0514846556,0.959937513,-0.278429985,-0.03157207,0.0446312539,0.0406880416,0.998174608],"shapeName":"/levels/ms_s3/art/shapes/buildings/italy_construction_site_net_folded.DAE","useInstanceRenderData":true}
{"class":"TSStatic","persistentId":"1ef7da58-456d-4419-abe0-f3e8dc93f039","__parent":"SimGroup_","position":[466.101135,467.618256,243.137238],"collisionType":"None","decalType":"None","isRenderEnabled":false,"rotationMatrix":[-0.108124852,0.994137287,-3.48042477e-07,-0.994137287,-0.108124852,3.53043703e-07,3.13341843e-07,3.84174854e-07,1],"scale":[0.522900343,0.522900343,0.522900343],"shapeName":"/art/shapes/objects/s_standinglight_01.dae","useInstanceRenderData":true}
{"class":"TSStatic","persistentId":"1fcc4a43-0be6-49bd-b8e5-91ed4eec170f","__parent":"SimGroup_","position":[-183.828949,-397.43338,113.213272],"collisionType":"None","decalType":"None","isRenderEnabled":false,"rotationMatrix":[0.957333446,0.28898567,-1.78813934e-07,7.4505806e-08,4.17232513e-07,0.999999881,0.28898567,-0.957333326,3.57627869e-07],"scale":[0.25034371,0.25034371,0.25034371],"shapeName":"/levels/ms_s3/art/shapes/buildings/charging_station_b.DAE","useInstanceRenderData":true}
{"class":"TSStatic","persistentId":"20b39f6a-9417-4d5b-83d7-243e172e888b","__parent":"SimGroup_","position":[-359.780243,-271.638458,45.1553268],"isRenderEnabled":false,"rotationMatrix":[0.963511586,0.267666727,0,-0.267666727,0.963511586,0,0,0,1],"shapeName":"/levels/ms_s3/art/shapes/objects_hr/hr_tirestack_green.dae","useInstanceRenderData":true}
{"class":"TSStatic","persistentId":"213a2afc-e38b-4e4c-8a1c-9c9497962d0f","__parent":"SimGroup_","position":[-370.204468,-274.732788,44.7194901],"isRenderEnabled":false,"rotationMatrix":[0.479428232,0.877581,0,-0.877581,0.479428232,0,0,0,1],"shapeName":"/levels/ms_s3/art/shapes/buildings/italy_construction_site_net.DAE","useInstanceRenderData":true}
{"class":"TSStatic","persistentId":"24387580-201d-4e00-91e0-136e8375cf4e","__parent":"SimGroup_","position":[-245.830246,-289.467255,53.1970482],"isRenderEnabled":false,"rotationMatrix":[-0.583409548,0.811249077,0.0388305783,-0.811861336,-0.583849907,0,0.0226712376,-0.0315250494,0.999245822],"shapeName":"/levels/ms_s3/art/shapes/race/sign_checkpoint.dae","useInstanceRenderData":true}
{"class":"TSStatic","persistentId":"2469f860-3521-4c86-8c69-f7b9e671a20f","__parent":"SimGroup_","position":[-187.538574,-397.855286,113.358147],"isRenderEnabled":false,"rotationMatrix":[0.241166592,-0.970483661,0,0.970483661,0.241166592,0,0,0,1],"scale":[0.67214036,0.67214036,0.67214036],"shapeName":"/levels/ms_s3/art/shapes/objects_hr/pole_metal1.dae","useInstanceRenderData":true}
{"class":"TSStatic","persistentId":"25327f4f-8f71-4572-8080-a571922ade2e","__parent":"SimGroup_","position":[466.561707,467.676971,243.051239],"isRenderEnabled":false,"rotationMatrix":[0.0375640988,0.998422801,-0.0417220369,-0.99929291,0.0375968218,-1.86264515e-09,0.00156861357,0.04169254,0.999129236],"shapeName":"/levels/ms_s3/art/shapes/race/race_rally_finish_checkpoint_red.dae","useInstanceRenderData":true}
{"class":"TSStatic","persistentId":"25472dd6-7c57-4576-9f82-2c6d37af1daf","__parent":"SimGroup_","position":[-179.533295,-395.772705,112.548515],"isRenderEnabled":false,"rotationMatrix":[-0.963611007,0.267307401,0,-0.267307401,-0.963611007,0,0,0,1],"shapeName":"/art/shapes/garage_and_dealership/Clutter/plastic_can_big.DAE","useInstanceRenderData":true}
{"class":"TSStatic","persistentId":"26351cfb-3f3f-46e4-8243-60059948f6aa","__parent":"SimGroup_","position":[-464.943298,-318.427673,41.5700378],"isRenderEnabled":false,"rotationMatrix":[-0.91227591,0.409506738,-0.00750096329,-0.40947324,-0.911486268,0.0390357636,0.00914838351,0.0386828445,0.999209642],"shapeName":"/levels/ms_s3/art/shapes/buildings/italy_construction_site_net.DAE","useInstanceRenderData":true}
{"class":"TSStatic","persistentId":"27cb2547-b861-4f90-88fb-a0caf4cfa17d","__parent":"SimGroup_","position":[-358.594604,-279.116089,44.7194901],"isRenderEnabled":false,"rotationMatrix":[0.791612148,0.611023843,0,-0.611023843,0.791612148,0,0,0,1],"shapeName":"/levels/ms_s3/art/shapes/buildings/italy_construction_site_net.DAE","useInstanceRenderData":true}
{"class":"TSStatic","persistentId":"280f6cde-ada0-4fd1-b5eb-583c3bc85698","__parent":"SimGroup_","position":[477.095154,436.213013,241.944794],"isRenderEnabled":false,"rotationMatrix":[-0.110414147,-0.993885517,0,0.993885517,-0.110414147,0,0,0,1],"shapeName":"/art/shapes/garage_and_dealership/Clutter/clutter_workshop_toolbox.dae","useInstanceRenderData":true}
{"class":"TSStatic","persistentId":"283d5cb8-1d79-47c1-9105-e249ec974c7f","__parent":"SimGroup_","position":[-184.419235,-395.520203,112.693253],"isRenderEnabled":false,"rotationMatrix":[0.202485681,0.978941739,-0.0259272922,-0.979270995,0.202553749,-9.31322575e-10,0.00525166653,0.0253898501,0.99966383],"shapeName":"/art/shapes/garage_and_dealership/Clutter/clutter_workshop_fire_extinguisher.dae","useInstanceRenderData":true}
{"class":"TSStatic","persistentId":"2a17208d-7412-4e16-849c-7b7111804d09","__parent":"SimGroup_","position":[-224.947495,-430.885162,112.21225],"isRenderEnabled":false,"rotationMatrix":[0.823995948,-0.563399434,0.0600971989,0.564133763,0.82566458,0.00557457749,-0.0527608432,0.029309433,0.998176992],"shapeName":"/levels/ms_s3/art/shapes/race/race_rally_finish_checkpoint_yellow.dae","useInstanceRenderData":true}
{"class":"TSStatic","persistentId":"2d227b09-95ef-4b02-9f7a-58fb05ee1162","__parent":"SimGroup_","position":[-299.636963,-185.543091,38.1820869],"isRenderEnabled":false,"rotationMatrix":[0.271485984,-0.960893214,0.0545826256,0.962441862,0.270999491,-0.0162672978,0.000839281827,0.0569489524,0.998376727],"shapeName":"/levels/ms_s3/art/shapes/buildings/italy_construction_site_net.DAE","useInstanceRenderData":true}
{"class":"TSStatic","persistentId":"2df9c948-25fd-4abf-97b8-bdef968744ca","__parent":"SimGroup_","position":[-467.210236,-317.410095,41.5513992],"isRenderEnabled":false,"rotationMatrix":[-0.630967259,0.775430381,-0.0242426842,-0.775755346,-0.630246758,0.0315015502,0.00914838538,0.0386828445,0.999209642],"shapeName":"/levels/ms_s3/art/shapes/buildings/italy_construction_site_net.DAE","useInstanceRenderData":true}
{"class":"TSStatic","persistentId":"2e4cb51e-773a-4b83-bee4-f56cf9eca291","__parent":"SimGroup_","position":[-448.93811,-169.78334,28.2663746],"isRenderEnabled":false,"rotationMatrix":[0.927433968,0.368824929,0.0619226843,-0.369146019,0.929348052,-0.00659177639,-0.0599789396,-0.0167450774,0.998059154],"shapeName":"/levels/ms_s3/art/shapes/buildings/italy_construction_site_net.DAE","useInstanceRenderData":true}
{"class":"TSStatic","persistentId":"2e4ee4aa-8101-4a1a-9d0f-040574702623","__parent":"SimGroup_","position":[470.257904,457.806671,243.356628],"isRenderEnabled":false,"rotationMatrix":[0.910203874,-0.364650041,-0.196365163,0.397102803,0.903057158,0.163698435,0.117636308,-0.226976097,0.966769636],"shapeName":"/art/shapes/garage_and_dealership/Clutter/clutter_workshop_fire_extinguisher.dae","useInstanceRenderData":true}
{"class":"TSStatic","persistentId":"3086f857-6df1-4e9d-a8c5-ca0a0bcbcec3","__parent":"SimGroup_","position":[467.424164,-152.755981,77.5745468],"isRenderEnabled":false,"rotationMatrix":[0.560761869,0.806434035,-0.187643856,-0.827482224,0.538010657,-0.16067867,-0.0286223888,0.245374426,0.969005764],"shapeName":"/levels/ms_s3/art/shapes/race/sign_checkpoint.dae","useInstanceRenderData":true}
{"class":"TSStatic","persistentId":"316a407d-f240-4d79-9785-a1d7beabe564","__parent":"SimGroup_","position":[-451.787109,-173.759338,28.0284538],"isRenderEnabled":false,"rotationMatrix":[0.424623549,0.904454887,0.0406925902,-0.90338093,0.426240146,-0.0471379012,-0.0599789321,-0.0167450588,0.998059154],"shapeName":"/levels/ms_s3/art/shapes/buildings/italy_construction_site_net.DAE","useInstanceRenderData":true}
{"class":"TSStatic","persistentId":"31c25b01-8f9c-491a-a76d-8ebcb9713d8b","__parent":"SimGroup_","position":[469.232819,444.814697,242.170242],"isRenderEnabled":false,"rotationMatrix":[-0.207044363,-0.978331268,0,0.978331268,-0.207044363,0,0,0,1],"shapeName":"/levels/ms_s3/art/shapes/objects_hr/pole_metal1.dae","useInstanceRenderData":true}
{"class":"TSStatic","persistentId":"33b4ef02-05f5-4df9-85bb-6225196aca4a","__parent":"SimGroup_","position":[469.887665,-65.3666306,96.7544861],"isRenderEnabled":false,"rotationMatrix":[-0.327492595,0.943330228,0.0536360219,-0.944690049,-0.327964783,-3.7252903e-09,0.0175907146,-0.0506694168,0.998560548],"shapeName":"/levels/ms_s3/art/shapes/buildings/italy_construction_site_net.DAE","useInstanceRenderData":true}
{"class":"TSStatic","persistentId":"356639b0-674c-43de-8de0-79fa99790f7e","__parent":"SimGroup_","position":[474.783722,439.376129,241.896454],"isRenderEnabled":false,"rotationMatrix":[0.915405512,-0.402532876,0,0.402532876,0.915405512,0,0,0,1],"shapeName":"/art/shapes/garage_and_dealership/Clutter/clutter_workshop_black_oil.dae","useInstanceRenderData":true}
{"class":"TSStatic","persistentId":"3593dcd7-afa2-4718-aa32-0c7d18cd88a7","__parent":"SimGroup_","position":[-260.317413,-150.864029,33.9848213],"isRenderEnabled":false,"rotationMatrix":[0.999806643,-0.0196634587,0,0.0196634587,0.999806643,0,0,0,1],"shapeName":"/levels/ms_s3/art/shapes/buildings/italy_construction_site_net.DAE","useInstanceRenderData":true}
{"class":"TSStatic","persistentId":"36220249-c378-4320-9b80-0c3da8003f91","__parent":"SimGroup_","position":[-180.446396,-390.413239,113.271416],"isRenderEnabled":false,"rotationMatrix":[0.293492079,-0.955961525,0,0.955961525,0.293492079,0,0,0,1],"shapeName":"/levels/ms_s3/art/shapes/objects_hr/pole_metal1.dae","useInstanceRenderData":true}
{"class":"TSStatic","persistentId":"38c77f60-6dd2-45a6-aa69-f5e2573145c8","__parent":"SimGroup_","position":[476.832886,435.948822,241.947495],"isRenderEnabled":false,"rotationMatrix":[0.258580685,-0.965989709,0,0.965989709,0.258580685,0,0,0,1],"shapeName":"/art/shapes/garage_and_dealership/Clutter/clutter_workshop_green_can.dae","useInstanceRenderData":true}
{"class":"TSStatic","persistentId":"38e04d5f-efd6-4f36-bdc7-35448f650d1f","__parent":"SimGroup_","position":[-364.914459,-282.76239,44.7194901],"isRenderEnabled":false,"rotationMatrix":[-0.999818087,-0.0190647207,0,0.0190647207,-0.999818087,0,0,0,1],"shapeName":"/levels/ms_s3/art/shapes/buildings/italy_construction_site_net.DAE","useInstanceRenderData":true}
{"class":"TSStatic","persistentId":"3980616f-ad20-48fb-aa43-626f0064ee58","__parent":"SimGroup_","position":[-360.364258,-273.481354,45.0477066],"isRenderEnabled":false,"rotationMatrix":[0.963511586,0.267666727,0,-0.267666727,0.963511586,0,0,0,1],"shapeName":"/levels/ms_s3/art/shapes/objects_hr/hr_tirestack_white.dae","useInstanceRenderData":true}
{"class":"TSStatic","persistentId":"3bdfea54-218a-4630-87ea-9007ef8c43d9","__parent":"SimGroup_","position":[469.630463,448.02359,241.72406],"isRenderEnabled":false,"rotationMatrix":[0.354510069,-0.935052156,2.38418579e-07,0.0750231743,0.028444171,0.996775985,-0.932037592,-0.35336709,0.0802342892],"shapeName":"/art/shapes/garage_and_dealership/Clutter/clutter_workshop_green_can.dae","useInstanceRenderData":true}
{"class":"TSStatic","persistentId":"3ca9b02f-0f7e-46f9-a99f-8c4d97f6fc85","__parent":"SimGroup_","position":[477.303253,435.930695,241.944916],"isRenderEnabled":false,"rotationMatrix":[-0.984754682,-0.173948288,0,0.173948288,-0.984754682,0,0,0,1],"shapeName":"/art/shapes/garage_and_dealership/Clutter/clutter_workshop_fire_extinguisher.dae","useInstanceRenderData":true}
{"class":"TSStatic","persistentId":"3d5c76f6-525e-41f6-9ed9-3468654478bd","__parent":"SimGroup_","position":[-469.026276,-313.018311,41.3980064],"isRenderEnabled":false,"rotationMatrix":[0.401826918,0.914880574,-0.0390971527,-0.915669858,0.401866972,-0.0071741268,0.00914838258,0.0386828445,0.999209642],"shapeName":"/levels/ms_s3/art/shapes/buildings/italy_construction_site_net.DAE","useInstanceRenderData":true}
{"class":"TSStatic","persistentId":"3e60b88c-a801-4675-8bcc-fa4b6e45cebc","__parent":"SimGroup_","position":[-181.830887,-403.964539,113.231422],"collisionType":"None","decalType":"None","isRenderEnabled":false,"rotationMatrix":[-0.957333326,-0.288985968,1.93715096e-07,7.4505806e-08,3.57627869e-07,0.99999994,-0.288985968,0.957333267,-2.38418579e-07],"scale":[0.25034371,0.25034371,0.25034371],"shapeName":"/levels/ms_s3/art/shapes/buildings/charging_station_b.DAE","useInstanceRenderData":true}
{"class":"TSStatic","persistentId":"40366a0b-24de-431a-803d-e124b9e0cfa2","__parent":"SimGroup_","position":[-452.045227,-176.233246,27.9714375],"isRenderEnabled":false,"rotationMatrix":[0.103729546,0.994341433,0.0229163859,-0.992795289,0.104902744,-0.0579026081,-0.0599789545,-0.0167450793,0.998059154],"shapeName":"/levels/ms_s3/art/shapes/buildings/italy_construction_site_net.DAE","useInstanceRenderData":true}
{"class":"TSStatic","persistentId":"433a07f3-1011-48c0-bd28-6fa9bb30c4f8","__parent":"SimGroup_","position":[469.394684,446.294281,241.732788],"isRenderEnabled":false,"rotationMatrix":[0.915405512,-0.402532876,0,0.402532876,0.915405512,0,0,0,1],"shapeName":"/art/shapes/garage_and_dealership/Clutter/clutter_workshop_short_bottle.dae","useInstanceRenderData":true}
{"class":"TSStatic","persistentId":"444bc9d8-f233-4903-ade1-ebdc842b3fe8","__parent":"SimGroup_","position":[-356.728943,-277.676025,44.7194901],"isRenderEnabled":false,"rotationMatrix":[0.791612148,0.611023843,0,-0.611023843,0.791612148,0,0,0,1],"shapeName":"/levels/ms_s3/art/shapes/buildings/italy_construction_site_net.DAE","useInstanceRenderData":true}
{"class":"TSStatic","persistentId":"44ff3c0f-09ab-4cfe-9a7a-e0a9fa4acb64","__parent":"SimGroup_","position":[472.07135,458.642944,243.1008],"isRenderEnabled":false,"rotationMatrix":[0.969520271,0.238134295,-0.0576415472,-0.238530904,0.971134901,3.7252903e-09,0.0559777208,0.0137492875,0.998337328],"shapeName":"/art/shapes/garage_and_dealership/garage/s_garage_workbench_02.dae","useInstanceRenderData":true}
{"class":"TSStatic","persistentId":"4520ae39-d9e1-481e-bb0c-0e772253a907","__parent":"SimGroup_","position":[-184.636627,-393.046387,113.358147],"isRenderEnabled":false,"rotationMatrix":[0.241166592,-0.970483661,0,0.970483661,0.241166592,0,0,0,1],"scale":[0.67214036,0.67214036,0.67214036],"shapeName":"/levels/ms_s3/art/shapes/objects_hr/pole_metal1.dae","useInstanceRenderData":true}
{"class":"TSStatic","persistentId":"45a08b70-39ba-438d-861c-44bb7cdd85bd","__parent":"SimGroup_","position":[-172.420181,-394.209808,112.771019],"isRenderEnabled":false,"rotationMatrix":[0.305269837,-0.951854944,-0.027976675,0.952189684,0.304741681,0.0216224585,-0.0120557789,-0.0332397819,0.999374688],"shapeName":"/art/shapes/objects/s_metal_fence.dae","useInstanceRenderData":true}
{"class":"TSStatic","persistentId":"46302557-4cd4-4057-9e8f-105461adc34d","__parent":"SimGroup_","position":[-467.156219,-308.421722,41.2029343],"isRenderEnabled":false,"rotationMatrix":[0.389043987,0.920384943,-0.039193213,-0.921173632,0.389095068,-0.0066292882,0.00914838351,0.0386828445,0.999209642],"shapeName":"/levels/ms_s3/art/shapes/buildings/italy_construction_site_net.DAE","useInstanceRenderData":true}
{"class":"TSStatic","persistentId":"475a5fef-be21-4402-9ce9-81603af7cd13","__parent":"SimGroup_","position":[468.064331,-60.7680588,97.0199509],"isRenderEnabled":false,"rotationMatrix":[-0.62062645,0.782469571,0.0506374277,-0.783909023,-0.620623946,-0.0176825821,0.0175907128,-0.0506694168,0.998560548],"shapeName":"/levels/ms_s3/art/shapes/buildings/italy_construction_site_net.DAE","useInstanceRenderData":true}
{"class":"TSStatic","persistentId":"47d52d40-9329-4e52-b890-92180fe035f0","__parent":"SimGroup_","position":[295.457367,262.650085,198.831955],"isRenderEnabled":false,"rotationMatrix":[0.938080549,0.337615848,0.0775909945,-0.329647183,0.938833773,-0.099618718,-0.106477909,0.0678727329,0.991995811],"shapeName":"/levels/ms_s3/art/shapes/buildings/italy_construction_site_net.DAE","useInstanceRenderData":true}
{"class":"TSStatic","persistentId":"48644937-ec94-4554-825f-8396bfce8e65","__parent":"SimGroup_","position":[472.833618,457.901825,243.073563],"isRenderEnabled":false,"rotationMatrix":[-0.889691949,-0.453098506,0.0561260469,0.453116864,-0.891354561,-0.0131307971,0.0559777431,0.0137492921,0.998337328],"scale":[1.08046865,1.08046865,1.08046865],"shapeName":"/levels/ms_s3/art/shapes/buildings/italy_clutter_plastic_chair_a.DAE","useInstanceRenderData":true}
{"class":"TSStatic","persistentId":"48cb7eb9-fd95-4bcc-a062-b56465859859","__parent":"SimGroup_","position":[-173.06105,-394.313599,113.271416],"isRenderEnabled":false,"rotationMatrix":[0.293492079,-0.955961525,0,0.955961525,0.293492079,0,0,0,1],"shapeName":"/levels/ms_s3/art/shapes/objects_hr/pole_metal1.dae","useInstanceRenderData":true}
{"class":"TSStatic","persistentId":"4b6343ef-42f9-4274-af2e-98155e236bd9","__parent":"SimGroup_","position":[-362.709198,-281.662476,44.7194901],"isRenderEnabled":false,"rotationMatrix":[-0.894868493,-0.446330309,0,0.446330309,-0.894868493,0,0,0,1],"shapeName":"/levels/ms_s3/art/shapes/buildings/italy_construction_site_net.DAE","useInstanceRenderData":true}
{"class":"TSStatic","persistentId":"4bc76a92-bbf6-4d3f-8f21-28f8f94be391","__parent":"SimGroup_","position":[-232.586624,-274.00296,50.8374481],"isRenderEnabled":false,"rotationMatrix":[0.272955775,-0.961647689,0.0269944798,0.960990608,0.271252692,-0.0540255792,0.0446312502,0.0406880341,0.998174608],"shapeName":"/levels/ms_s3/art/shapes/buildings/italy_construction_site_net.DAE","useInstanceRenderData":true}
{"class":"TSStatic","persistentId":"4c953e96-b8dd-469d-ab59-666af762f7f2","__parent":"SimGroup_","position":[462.385834,-56.1121063,97.3562393],"isRenderEnabled":false,"rotationMatrix":[-0.975319505,0.218978196,0.0282927901,-0.220096558,-0.974413276,-0.0455668867,0.0175907165,-0.0506694168,0.998560548],"scale":[0.713985205,1,1],"shapeName":"/levels/ms_s3/art/shapes/buildings/italy_construction_site_net.DAE","useInstanceRenderData":true}
{"class":"TSStatic","persistentId":"4ceb38d7-9c2a-4f70-a750-f62340db138d","__parent":"SimGroup_","position":[476.427948,435.934052,241.947495],"isRenderEnabled":false,"rotationMatrix":[-0.435588121,0.900146127,0,-0.900146127,-0.435588121,0,0,0,1],"shapeName":"/art/shapes/garage_and_dealership/Clutter/clutter_workshop_green_can.dae","useInstanceRenderData":true}
{"class":"TSStatic","persistentId":"4cf35bae-bf1f-4132-8277-e9f021b86e37","__parent":"SimGroup_","position":[-367.358459,-282.80899,44.7194901],"isRenderEnabled":false,"rotationMatrix":[-0.869198322,0.494463682,0,-0.494463682,-0.869198322,0,0,0,1],"shapeName":"/levels/ms_s3/art/shapes/buildings/italy_construction_site_net.DAE","useInstanceRenderData":true}
{"class":"TSStatic","persistentId":"4d7589e9-a969-403a-ad5c-54e18bb2f1ef","__parent":"SimGroup_","position":[-360.627625,-280.438904,44.7194901],"isRenderEnabled":false,"rotationMatrix":[0.838185191,0.545385718,0,-0.545385718,0.838185191,0,0,0,1],"shapeName":"/levels/ms_s3/art/shapes/buildings/italy_construction_site_net.DAE","useInstanceRenderData":true}
{"class":"TSStatic","persistentId":"4ec7c2ae-3abf-46cc-858e-8d24869d1c92","__parent":"SimGroup_","position":[469.507965,448.510437,241.681686],"isRenderEnabled":false,"rotationMatrix":[-0.690036774,-0.723774195,0,0.723774195,-0.690036774,0,0,0,1],"shapeName":"/art/shapes/garage_and_dealership/Clutter/clutter_workshop_green_can.dae","useInstanceRenderData":true}
{"class":"TSStatic","persistentId":"5059a1d7-2a39-4ed1-a541-f470ab6641d4","__parent":"SimGroup_","position":[-232.717621,-281.053711,51.1306992],"isRenderEnabled":false,"rotationMatrix":[-0.276637197,-0.959594309,0.0514846556,0.959937513,-0.278429985,-0.03157207,0.0446312539,0.0406880416,0.998174608],"shapeName":"/levels/ms_s3/art/shapes/buildings/italy_construction_site_net.DAE","useInstanceRenderData":true}
{"class":"TSStatic","persistentId":"50c67c8f-7a70-4f20-92a8-7d752f182021","__parent":"SimGroup_","position":[300.17337,148.868515,178.520523],"isRenderEnabled":false,"rotationMatrix":[-0.162355304,-0.985787272,0.0431742817,0.98670733,-0.162506938,5.58793545e-09,0.00701611675,0.0426003858,0.999067545],"shapeName":"/levels/ms_s3/art/shapes/race/sign_checkpoint.dae","useInstanceRenderData":true}
{"class":"TSStatic","persistentId":"53b2f30d-074c-4626-8fe4-db517301d0ef","__parent":"SimGroup_","position":[-174.34967,-391.11554,112.881409],"isRenderEnabled":false,"rotationMatrix":[0.473611593,-0.880733788,0,0.880733788,0.473611593,0,0,0,1],"shapeName":"/art/shapes/garage_and_dealership/Clutter/clutter_workshop_green_can.dae","useInstanceRenderData":true}
{"class":"TSStatic","persistentId":"53b313ee-f988-4293-bb6e-afe2160dd451","__parent":"SimGroup_","position":[-354.764801,-276.159943,44.7194901],"isRenderEnabled":false,"rotationMatrix":[0.874838948,0.484413892,0,-0.484413892,0.874838948,0,0,0,1],"shapeName":"/levels/ms_s3/art/shapes/buildings/italy_construction_site_net_folded.DAE","useInstanceRenderData":true}
{"class":"TSStatic","persistentId":"543cc709-ffaf-4f12-9970-dc55f7651247","__parent":"SimGroup_","position":[-184.490677,-397.861053,112.418228],"isRenderEnabled":false,"rotationMatrix":[0.368878126,-0.92926228,-0.0200088155,0.929448366,0.368951976,0,0.0073822909,-0.0185971633,0.999799788],"shapeName":"/levels/ms_s3/art/shapes/race/race_rally_finish_checkpoint_red.dae","useInstanceRenderData":true}
{"class":"TSStatic","persistentId":"59d2ef6f-afdf-4505-891b-6790b2104f7c","__parent":"SimGroup_","position":[-232.052261,-278.745758,51.0068779],"isRenderEnabled":false,"rotationMatrix":[-0.276637197,-0.959594309,0.0514846556,0.959937513,-0.278429985,-0.03157207,0.0446312539,0.0406880416,0.998174608],"shapeName":"/levels/ms_s3/art/shapes/buildings/italy_construction_site_net.DAE","useInstanceRenderData":true}
{"class":"TSStatic","persistentId":"5a108fbc-7592-4b89-95f1-e45b316b221f","__parent":"SimGroup_","position":[470.064453,-65.3973312,96.7401505],"isRenderEnabled":false,"rotationMatrix":[0.561698675,-0.827341855,0,0.827341855,0.561698675,0,0,0,1],"shapeName":"/levels/ms_s3/art/shapes/buildings/italy_construction_site_net_rolled.DAE","useInstanceRenderData":true}
{"class":"TSStatic","persistentId":"5a968144-d1c8-4b52-baf3-12c326b6ef21","__parent":"SimGroup_","position":[-175.515793,-391.230347,112.891129],"isRenderEnabled":false,"rotationMatrix":[0.915405512,-0.402532876,0,0.402532876,0.915405512,0,0,0,1],"shapeName":"/art/shapes/garage_and_dealership/Clutter/clutter_workshop_black_oil.dae","useInstanceRenderData":true}
{"class":"TSStatic","persistentId":"5b24abb1-a677-40c5-b3f3-3ff9abeef1e4","__parent":"SimGroup_","position":[-183.771042,-397.647125,112.422333],"collisionType":"None","decalType":"None","isRenderEnabled":false,"rotationMatrix":[-0.288986206,0.957332969,-3.35978882e-07,-0.957332969,-0.288986206,3.51399279e-07,2.3931284e-07,4.2319337e-07,1],"scale":[0.522900343,0.522900343,0.522900343],"shapeName":"/art/shapes/objects/s_standinglight_01.dae","useInstanceRenderData":true}
{"class":"TSStatic","persistentId":"5b4e94f4-63ee-42da-ab41-ff5f509e7280","__parent":"SimGroup_","position":[-358.974365,-270.542084,45.1553268],"isRenderEnabled":false,"rotationMatrix":[0.963511586,0.267666727,0,-0.267666727,0.963511586,0,0,0,1],"shapeName":"/levels/ms_s3/art/shapes/objects_hr/hr_tirestack_green.dae","useInstanceRenderData":true}
{"class":"TSStatic","persistentId":"5c081d5c-7d9f-42ff-a75b-e818ed4d3d22","__parent":"SimGroup_","position":[408.053467,-39.5765114,100.555321],"isRenderEnabled":false,"rotationMatrix":[0.256140411,-0.966639519,0,0.966639519,0.256140411,0,0,0,1],"shapeName":"/levels/ms_s3/art/shapes/buildings/italy_construction_site_net.DAE","useInstanceRenderData":true}
{"class":"TSStatic","persistentId":"5e9f6c5c-7ef0-43b0-90a9-6392f09a16bf","__parent":"SimGroup_","position":[-453.524902,-302.511871,41.3847885],"isRenderEnabled":false,"rotationMatrix":[0.998861134,0.0477113947,0,-0.0477113947,0.998861134,0,0,0,1],"shapeName":"/levels/ms_s3/art/shapes/objects_hr/hr_tirestack_white.dae","useInstanceRenderData":true}
{"class":"TSStatic","persistentId":"5fba786d-7ffb-4985-a9e6-0ced79ea030c","__parent":"SimGroup_","position":[293.060516,225.966309,200.879929],"isRenderEnabled":false,"rotationMatrix":[0.450064898,-0.892679513,-0.023765482,0.892542541,0.448829234,0.0438178815,-0.028448686,-0.040932592,0.998756826],"shapeName":"/levels/ms_s3/art/shapes/buildings/italy_construction_site_net.DAE","useInstanceRenderData":true}
{"class":"TSStatic","persistentId":"604cd541-304c-40ae-9d38-04fad64b4282","__parent":"SimGroup_","position":[475.020691,443.592865,242.170242],"isRenderEnabled":false,"rotationMatrix":[-0.207044363,-0.978331268,0,0.978331268,-0.207044363,0,0,0,1],"shapeName":"/levels/ms_s3/art/shapes/objects_hr/pole_metal1.dae","useInstanceRenderData":true}
{"class":"TSStatic","persistentId":"6296a140-28fd-4be2-9c2b-e3d0f9b2f315","__parent":"SimGroup_","position":[469.075012,-63.0257339,96.8875885],"isRenderEnabled":false,"rotationMatrix":[-0.408003688,0.911415398,0.0534348786,-0.912810981,-0.408356428,-0.00464085303,0.0175907183,-0.0506694168,0.998560548],"shapeName":"/levels/ms_s3/art/shapes/buildings/italy_construction_site_net.DAE","useInstanceRenderData":true}
{"class":"TSStatic","persistentId":"62b4851e-2bb0-4e73-b8a4-c60824b1ee24","__parent":"SimGroup_","position":[-255.544189,-150.957916,33.9848213],"isRenderEnabled":false,"rotationMatrix":[0.999806643,-0.0196634587,0,0.0196634587,0.999806643,0,0,0,1],"shapeName":"/levels/ms_s3/art/shapes/buildings/italy_construction_site_net.DAE","useInstanceRenderData":true}
{"class":"TSStatic","persistentId":"632a9b60-c257-41cf-903f-e82f942d1425","__parent":"SimGroup_","position":[-174.011215,-391.066467,112.881409],"isRenderEnabled":false,"rotationMatrix":[0.915405512,-0.402532876,0,0.402532876,0.915405512,0,0,0,1],"shapeName":"/art/shapes/garage_and_dealership/Clutter/clutter_workshop_green_can.dae","useInstanceRenderData":true}
{"class":"TSStatic","persistentId":"6494304c-6663-4cde-8033-649e86c9d34e","__parent":"SimGroup_","position":[-314.178772,-180.103882,37.8840523],"isRenderEnabled":false,"rotationMatrix":[-0.995756507,-0.0918246284,0.00607489981,0.0920215324,-0.994145155,0.0566302352,0.000839282759,0.0569489561,0.998376727],"shapeName":"/levels/ms_s3/art/shapes/buildings/italy_construction_site_net_folded.DAE","useInstanceRenderData":true}
{"class":"TSStatic","persistentId":"64b4ba98-264d-4270-9d84-288ea908d304","__parent":"SimGroup_","position":[-360.085052,-272.232819,45.1569138],"isRenderEnabled":false,"rotationMatrix":[0.963511586,0.267666727,0,-0.267666727,0.963511586,0,0,0,1],"shapeName":"/levels/ms_s3/art/shapes/objects_hr/hr_tirestack_white.dae","useInstanceRenderData":true}
{"class":"TSStatic","persistentId":"6562b4cd-04aa-4488-88f6-22d35470ec8c","__parent":"SimGroup_","position":[285.388062,246.008621,198.889755],"isRenderEnabled":false,"rotationMatrix":[0.310718834,0.949974775,-0.0316460207,-0.944518924,0.304862201,-0.122240648,-0.106477879,0.0678727329,0.991995811],"shapeName":"/levels/ms_s3/art/shapes/buildings/italy_construction_site_net.DAE","useInstanceRenderData":true}
{"class":"TSStatic","persistentId":"68e5cd7a-592c-4f30-bd18-34a0b45a3ce5","__parent":"SimGroup_","position":[466.083496,467.83902,243.928177],"collisionType":"None","decalType":"None","isRenderEnabled":false,"rotationMatrix":[0.994137406,0.108124152,-1.67638063e-07,1.3038516e-07,3.57627869e-07,1,0.108124152,-0.994137406,3.57627869e-07],"scale":[0.25034371,0.25034371,0.25034371],"shapeName":"/levels/ms_s3/art/shapes/buildings/charging_station_b.DAE","useInstanceRenderData":true}
{"class":"TSStatic","persistentId":"6e6a025b-a7ba-497c-bc6b-6dd7fdf6a4ff","__parent":"SimGroup_","position":[297.790863,263.489929,199.024948],"isRenderEnabled":false,"rotationMatrix":[0.994239509,-0.00502959359,0.107062854,0.0122559844,0.99768132,-0.066946201,-0.106477894,0.0678727254,0.991995811],"shapeName":"/levels/ms_s3/art/shapes/buildings/italy_construction_site_net.DAE","useInstanceRenderData":true}
{"class":"TSStatic","persistentId":"6ec18d11-4815-4264-9877-0ec16f341ad9","__parent":"SimGroup_","position":[476.242004,449.364166,242.170242],"isRenderEnabled":false,"rotationMatrix":[-0.207044363,-0.978331268,0,0.978331268,-0.207044363,0,0,0,1],"shapeName":"/levels/ms_s3/art/shapes/objects_hr/pole_metal1.dae","useInstanceRenderData":true}
{"class":"TSStatic","persistentId":"7177dcfd-facf-47b6-b685-5031b8e2035e","__parent":"SimGroup_","position":[-454.841064,-303.963074,41.5394669],"isRenderEnabled":false,"shapeName":"/levels/ms_s3/art/shapes/objects_hr/hr_tirestack_green.dae","useInstanceRenderData":true}
{"class":"TSStatic","persistentId":"726baa40-bb7b-423b-81c6-c1767d958c3d","__parent":"SimGroup_","position":[-456.655334,-305.181976,41.5789566],"isRenderEnabled":false,"shapeName":"/levels/ms_s3/art/shapes/objects_hr/hr_tirestack_white.dae","useInstanceRenderData":true}
{"class":"TSStatic","persistentId":"72ae7713-2e26-4703-8fb3-b6aad135ce7c","__parent":"SimGroup_","position":[294.18454,223.736908,200.820587],"isRenderEnabled":false,"rotationMatrix":[0.775725782,-0.631058872,-0.00376717746,0.630428612,0.774654269,0.0497052632,-0.0284486897,-0.040932592,0.998756826],"shapeName":"/levels/ms_s3/art/shapes/buildings/italy_construction_site_net.DAE","useInstanceRenderData":true}
{"class":"TSStatic","persistentId":"7690fd7a-faf5-4a23-9800-f0efe5f37676","__parent":"SimGroup_","position":[-178.91037,-395.767975,112.62355],"isRenderEnabled":false,"rotationMatrix":[0.915405512,-0.402532876,0,0.402532876,0.915405512,0,0,0,1],"shapeName":"/art/shapes/garage_and_dealership/Clutter/clutter_workshop_toolbox.dae","useInstanceRenderData":true}
{"class":"TSStatic","persistentId":"78df5b93-f23e-4117-9376-e402aa9a82df","__parent":"SimGroup_","position":[-267.288696,-151.422836,33.9848213],"isRenderEnabled":false,"rotationMatrix":[0.964723587,0.263264775,0,-0.263264775,0.964723587,0,0,0,1],"shapeName":"/levels/ms_s3/art/shapes/buildings/italy_construction_site_net.DAE","useInstanceRenderData":true}
{"class":"TSStatic","persistentId":"79bb492b-81ba-4f10-8b49-d159b6618e00","__parent":"SimGroup_","position":[464.581635,-57.2733459,97.2586365],"isRenderEnabled":false,"rotationMatrix":[-0.883314252,0.467134804,0.0392640904,-0.468451887,-0.882733345,-0.0365397669,0.0175907165,-0.0506694205,0.998560548],"shapeName":"/levels/ms_s3/art/shapes/buildings/italy_construction_site_net.DAE","useInstanceRenderData":true}
{"class":"TSStatic","persistentId":"79cc334f-e9e8-45a8-bd90-416d5f5244b1","__parent":"SimGroup_","position":[-186.087997,-395.455139,115.070686],"isRenderEnabled":false,"rotationMatrix":[0.241166592,-0.970483661,0,0.970483661,0.241166592,0,0,0,1],"scale":[0.67214036,0.67214036,0.67214036],"shapeName":"/levels/ms_s3/art/shapes/objects_hr/gazebo_white.dae","useInstanceRenderData":true}
{"class":"TSStatic","persistentId":"7af32481-9691-4963-86ed-d63f1789a77f","__parent":"SimGroup_","position":[-188.494858,-394.007294,113.358147],"isRenderEnabled":false,"rotationMatrix":[0.241166592,-0.970483661,0,0.970483661,0.241166592,0,0,0,1],"scale":[0.67214036,0.67214036,0.67214036],"shapeName":"/levels/ms_s3/art/shapes/objects_hr/pole_metal1.dae","useInstanceRenderData":true}
