{"name":"east_coast_usa/timeTrial/aip-forbin-pines - Forward Prefab_group","class":"SimGroup","persistentId":"16f9ae6f-6984-454e-9468-9d9f352bdecf","groupPosition":"0 0 0"}
{"class":"TSStatic","persistentId":"024af22d-2c09-4d87-bda8-cad54756300e","__parent":"east_coast_usa/timeTrial/aip-forbin-pines - Forward Prefab_group","position":[-52.4227257,82.8675461,42.4883347],"isRenderEnabled":false,"rotationMatrix":[0.672720432,0.739896834,0,-0.739896834,0.672720432,0,0,0,1],"shapeName":"/art/shapes/signboards/sb_radio_point/sb_radio_point.dae","useInstanceRenderData":true}
{"class":"TSStatic","persistentId":"161ffdce-a1b8-4ec4-8727-fad0c275566f","__parent":"east_coast_usa/timeTrial/aip-forbin-pines - Forward Prefab_group","position":[-417.59613,-62.0923538,32.7937317],"isRenderEnabled":false,"rotationMatrix":[0.00356864929,0.999450982,0.0329397172,-0.999950707,0.00387197733,-0.00914992113,-0.00927244034,-0.0329054408,0.999415457],"shapeName":"/levels/east_coast_usa/art/shapes/misc/concrete_road_barrier_a.dae","useInstanceRenderData":true}
{"class":"TSStatic","persistentId":"1c84db41-4964-43a7-bad7-806437009c6a","__parent":"east_coast_usa/timeTrial/aip-forbin-pines - Forward Prefab_group","position":[-435.889832,-61.5728722,32.2777252],"isRenderEnabled":false,"rotationMatrix":[0.00320076942,0.999290586,0.037523929,-0.999899149,0.00371730328,-0.0137039907,-0.0138337547,-0.0374762826,0.999201775],"shapeName":"/levels/east_coast_usa/art/shapes/misc/concrete_road_barrier_a.dae","useInstanceRenderData":true}
{"class":"TSStatic","persistentId":"240f1321-3e0a-4a1a-ae16-65fe250b84b3","__parent":"east_coast_usa/timeTrial/aip-forbin-pines - Forward Prefab_group","position":[271.517059,-719.973694,42.109108],"isRenderEnabled":false,"rotationMatrix":[-0.0198588371,0.998540103,0.0502405316,-0.999194682,-0.0215746164,0.0338429287,0.0348774046,-0.0495279878,0.998163581],"shapeName":"/levels/east_coast_usa/art/shapes/misc/concrete_road_barrier_a.dae","useInstanceRenderData":true}
{"class":"TSStatic","persistentId":"261b31a6-eda4-47e1-8fa3-1b1d0453e8ed","__parent":"east_coast_usa/timeTrial/aip-forbin-pines - Forward Prefab_group","position":[281.40094,-406.671326,42.2581253],"isRenderEnabled":false,"rotationMatrix":[0.406436503,0.91329819,0.0263719484,-0.913649619,0.4064852,0.00372898486,-0.00731412694,-0.0256103203,0.999645233],"shapeName":"/levels/east_coast_usa/art/shapes/misc/concrete_road_barrier_a.dae","useInstanceRenderData":true}
{"class":"TSStatic","persistentId":"447f9ea2-3096-46d1-9e0e-8478558c58ba","__parent":"east_coast_usa/timeTrial/aip-forbin-pines - Forward Prefab_group","position":[167.320786,-650.656738,39.6786232],"isRenderEnabled":false,"rotationMatrix":[-0.946031213,0.32319504,0.0238654464,-0.324031174,-0.942123771,-0.0860599801,-0.00532995258,-0.0891485885,0.996004105],"shapeName":"/levels/east_coast_usa/art/shapes/misc/concrete_road_barrier_a.dae","useInstanceRenderData":true}
{"class":"TSStatic","persistentId":"5125feae-eb21-49e1-9f7c-d07c5d8bbff6","__parent":"east_coast_usa/timeTrial/aip-forbin-pines - Forward Prefab_group","position":[266.671387,-762.633728,46.0104599],"isRenderEnabled":false,"rotationMatrix":[0.961389005,0.275193036,0,-0.275193036,0.961389005,0,0,0,1],"shapeName":"/levels/east_coast_usa/art/shapes/misc/concrete_road_barrier_a.dae","useInstanceRenderData":true}
{"class":"TSStatic","persistentId":"533749af-b9d7-4af7-a3bc-e1abcb31501d","__parent":"east_coast_usa/timeTrial/aip-forbin-pines - Forward Prefab_group","position":[320.242188,172.318253,56.4409256],"isRenderEnabled":false,"rotationMatrix":[-0.125491977,0.992094815,0,-0.992094815,-0.125491977,0,0,0,1],"shapeName":"/art/shapes/signboards/sb_stop_control/sb_stop_control.dae","useInstanceRenderData":true}
{"class":"TSStatic","persistentId":"5a7381d1-8b64-4790-809d-6131dadee6f6","__parent":"east_coast_usa/timeTrial/aip-forbin-pines - Forward Prefab_group","position":[439.909058,-625.622009,47.3966064],"isRenderEnabled":false,"rotationMatrix":[-0.45471406,0.888964891,0.0545533374,-0.890411735,-0.452367067,-0.0503033325,-0.020039754,-0.0714485794,0.997242928],"shapeName":"/levels/east_coast_usa/art/shapes/misc/concrete_road_barrier_a.dae","useInstanceRenderData":true}
{"class":"TSStatic","persistentId":"63110797-229e-40b3-bda4-d8cd0cb04793","__parent":"east_coast_usa/timeTrial/aip-forbin-pines - Forward Prefab_group","position":[279.474487,-410.755402,42.1720276],"isRenderEnabled":false,"rotationMatrix":[0.406522095,0.913633466,-0.00372242834,-0.9135952,0.406539142,0.00836099312,0.00915219542,1.86264515e-06,0.999958098],"shapeName":"/levels/east_coast_usa/art/shapes/misc/concrete_road_barrier_a.dae","useInstanceRenderData":true}
{"class":"TSStatic","persistentId":"66e6c37c-f240-46d9-8e3b-60ccb914ac8d","__parent":"east_coast_usa/timeTrial/aip-forbin-pines - Forward Prefab_group","position":[-388.598969,-368.199829,36.9243164],"isRenderEnabled":false,"rotationMatrix":[0.00552093983,0.999931395,0.0103295911,-0.99782449,0.00483012199,0.0657488853,0.0656944811,-0.0106701143,0.997782707],"shapeName":"/levels/east_coast_usa/art/shapes/misc/concrete_road_barrier_a.dae","useInstanceRenderData":true}
{"class":"TSStatic","persistentId":"6ebc8009-1e43-4aad-a548-e09d13827721","__parent":"east_coast_usa/timeTrial/aip-forbin-pines - Forward Prefab_group","position":[-22.2726669,93.6544266,45.8733597],"isRenderEnabled":false,"rotationMatrix":[0.750236213,-0.659399092,0.0483593717,0.630935013,0.735876083,0.245779604,-0.197653294,-0.153881192,0.968118668],"shapeName":"/levels/east_coast_usa/art/shapes/misc/concrete_road_barrier_a.dae","useInstanceRenderData":true}
{"class":"TSStatic","persistentId":"7217b86a-e80a-40b6-9905-4d72f2e14f82","__parent":"east_coast_usa/timeTrial/aip-forbin-pines - Forward Prefab_group","position":[-168.415207,422.687134,36.0902824],"isRenderEnabled":false,"rotationMatrix":[0.894021511,0.447928995,0.00922662579,-0.447994322,0.893535554,0.0299219042,0.00515857246,-0.0308843032,0.999509633],"shapeName":"/levels/east_coast_usa/art/shapes/misc/concrete_road_barrier_a.dae","useInstanceRenderData":true}
{"class":"TSStatic","persistentId":"772d5df5-a404-4820-a084-906cd0257eb0","__parent":"east_coast_usa/timeTrial/aip-forbin-pines - Forward Prefab_group","position":[-376.469055,89.8037415,33.620472],"isRenderEnabled":false,"rotationMatrix":[-0.643937469,0.765078306,0,-0.765078306,-0.643937469,0,0,0,1],"shapeName":"/art/shapes/signboards/sb_ss_start/sb_ss_start.dae","useInstanceRenderData":true}
{"class":"TSStatic","persistentId":"7c0744ec-892e-44f4-a1ba-a62c0940dc9a","__parent":"east_coast_usa/timeTrial/aip-forbin-pines - Forward Prefab_group","position":[-377.089417,-368.750885,36.4558411],"isRenderEnabled":false,"rotationMatrix":[0.00712633133,0.999858856,0.0152158551,-0.997697353,0.00608295202,0.0675496086,0.0674475133,-0.0156621952,0.9975999],"shapeName":"/levels/east_coast_usa/art/shapes/misc/concrete_road_barrier_a.dae","useInstanceRenderData":true}
{"class":"TSStatic","persistentId":"90a3929e-f005-4401-b35d-80feb53107d7","__parent":"east_coast_usa/timeTrial/aip-forbin-pines - Forward Prefab_group","position":[235.482391,-772.291077,45.9227829],"isRenderEnabled":false,"rotationMatrix":[0.511924982,0.858320892,0.0348995104,-0.858844101,0.512237072,-9.31322575e-09,-0.0178768281,-0.0299732331,0.999390841],"shapeName":"/levels/east_coast_usa/art/shapes/misc/concrete_road_barrier_a.dae","useInstanceRenderData":true}
{"class":"TSStatic","persistentId":"915c1dee-1731-42ac-b2cb-4064b090a78b","__parent":"east_coast_usa/timeTrial/aip-forbin-pines - Forward Prefab_group","position":[-375.35083,-254.826172,36.3484573],"isRenderEnabled":false,"rotationMatrix":[0.00391423702,0.99898833,0.0447958708,-0.999992192,0.00391626358,4.26527113e-05,-0.000132817775,-0.044795692,0.998996139],"shapeName":"/levels/east_coast_usa/art/shapes/misc/concrete_road_barrier_a.dae","useInstanceRenderData":true}
{"class":"TSStatic","persistentId":"96b42c90-03c8-4783-a211-b125677402d0","__parent":"east_coast_usa/timeTrial/aip-forbin-pines - Forward Prefab_group","position":[33.9462433,-83.0059814,54.842083],"isRenderEnabled":false,"rotationMatrix":[0.68425262,0.729245126,0,-0.729245126,0.68425262,0,0,0,1],"shapeName":"/art/shapes/signboards/sb_radio_point_warning/sb_radio_point_warning.dae","useInstanceRenderData":true}
{"class":"TSStatic","persistentId":"9bedc7bf-779c-4bec-a40d-31b5e8036095","__parent":"east_coast_usa/timeTrial/aip-forbin-pines - Forward Prefab_group","position":[-375.66391,-419.412994,36.9069824],"isRenderEnabled":false,"rotationMatrix":[0.00530028343,0.99998343,-0.00222533569,-0.994953156,0.00549662113,0.100189313,0.100199893,0.00168307126,0.994965911],"shapeName":"/levels/east_coast_usa/art/shapes/misc/concrete_road_barrier_a.dae","useInstanceRenderData":true}
{"class":"TSStatic","persistentId":"a237a18d-df94-47cf-9157-b9e0fb82681d","__parent":"east_coast_usa/timeTrial/aip-forbin-pines - Forward Prefab_group","position":[448.611267,194.293655,56.6739502],"isRenderEnabled":false,"rotationMatrix":[-0.502285719,0.864701986,0,-0.864701986,-0.502285719,0,0,0,1],"shapeName":"/art/shapes/signboards/sb_flying_finish/sb_flying_finish.dae","useInstanceRenderData":true}
{"class":"TSStatic","persistentId":"a481c556-18d5-493c-9083-e509f13f2ee1","__parent":"east_coast_usa/timeTrial/aip-forbin-pines - Forward Prefab_group","position":[154.002365,-721.633362,43.1637344],"isRenderEnabled":false,"rotationMatrix":[0.200490594,-0.978510976,0.048162058,0.975718737,0.203860283,0.0800863281,-0.0881836861,0.0309360698,0.995623708],"shapeName":"/levels/east_coast_usa/art/shapes/misc/concrete_road_barrier_a.dae","useInstanceRenderData":true}
{"class":"TSStatic","persistentId":"a6d1a5f8-2ba6-4ddd-8a9a-352962f1354e","__parent":"east_coast_usa/timeTrial/aip-forbin-pines - Forward Prefab_group","position":[-52.8370399,82.4438858,42.4675102],"isRenderEnabled":false,"rotationMatrix":[0.672720432,0.739896834,0,-0.739896834,0.672720432,0,0,0,1],"shapeName":"/art/shapes/signboards/sb_medical_vehicle_point/sb_medical_vehicle_point.dae","useInstanceRenderData":true}
{"class":"TSStatic","persistentId":"a87ef495-31cc-4840-ab1d-a8bffb2478db","__parent":"east_coast_usa/timeTrial/aip-forbin-pines - Forward Prefab_group","position":[-435.889832,-61.5728722,32.2777252],"isRenderEnabled":false,"rotationMatrix":[0.00320076942,0.999290586,0.037523929,-0.999899149,0.00371730328,-0.0137039907,-0.0138337547,-0.0374762826,0.999201775],"shapeName":"/levels/east_coast_usa/art/shapes/misc/concrete_road_barrier_a.dae","useInstanceRenderData":true}
{"class":"TSStatic","persistentId":"ad8093ea-638e-4391-b128-e3cc0fa164c3","__parent":"east_coast_usa/timeTrial/aip-forbin-pines - Forward Prefab_group","position":[-391.744171,-255.121429,35.9406586],"isRenderEnabled":false,"rotationMatrix":[0.00401735306,0.998947203,0.0456991494,-0.999988496,0.00389385223,0.00279151089,0.00261062384,-0.045709841,0.998951375],"shapeName":"/levels/east_coast_usa/art/shapes/misc/concrete_road_barrier_a.dae","useInstanceRenderData":true}
{"class":"TSStatic","persistentId":"b629e493-efb9-4d2a-8e26-3bcfef0e4e22","__parent":"east_coast_usa/timeTrial/aip-forbin-pines - Forward Prefab_group","position":[33.5569496,-83.375061,54.8122749],"isRenderEnabled":false,"rotationMatrix":[0.732640207,0.6806162,0,-0.6806162,0.732640207,0,0,0,1],"shapeName":"/art/shapes/signboards/sb_medical_point_warning/sb_medical_point_warning.dae","useInstanceRenderData":true}
{"class":"TSStatic","persistentId":"baa582a0-4ba0-447c-8139-623db15b86de","__parent":"east_coast_usa/timeTrial/aip-forbin-pines - Forward Prefab_group","position":[-378.960876,92.919838,33.8227654],"isRenderEnabled":false,"rotationMatrix":[-0.643937469,0.765078306,0,-0.765078306,-0.643937469,0,0,0,1],"shapeName":"/art/shapes/signboards/sb_ss_start/sb_ss_start.dae","useInstanceRenderData":true}
{"class":"TSStatic","persistentId":"c63d9744-93de-48be-a4f5-22f11a8300cf","__parent":"east_coast_usa/timeTrial/aip-forbin-pines - Forward Prefab_group","position":[545.704895,332.854492,54.4564514],"isRenderEnabled":false,"rotationMatrix":[-0.980163932,-0.19819051,0,0.19819051,-0.980163932,0,0,0,1],"shapeName":"/art/shapes/signboards/sb_flying_finish_entry/sb_flying_finish_entry.dae","useInstanceRenderData":true}
{"class":"TSStatic","persistentId":"ccc2052a-5cd5-413f-b742-1a43bd269f07","__parent":"east_coast_usa/timeTrial/aip-forbin-pines - Forward Prefab_group","position":[-187.706711,410.672363,35.7150421],"isRenderEnabled":false,"rotationMatrix":[0.989967406,0.00295832357,0.141264811,0.00295832357,0.999127686,-0.0416550077,-0.141264811,0.0416550077,0.989095092],"shapeName":"/levels/east_coast_usa/art/shapes/misc/concrete_road_barrier_a.dae","useInstanceRenderData":true}
{"class":"TSStatic","persistentId":"dc97f4d1-9a73-41a1-85f7-1d502e26924b","__parent":"east_coast_usa/timeTrial/aip-forbin-pines - Forward Prefab_group","position":[437.542236,-621.376465,47.3637695],"isRenderEnabled":false,"rotationMatrix":[-0.454447627,0.889520586,0.0472236797,-0.890407503,-0.452103376,-0.052692797,-0.0255213361,-0.0659944564,0.997493565],"shapeName":"/levels/east_coast_usa/art/shapes/misc/concrete_road_barrier_a.dae","useInstanceRenderData":true}
{"class":"TSStatic","persistentId":"dd2bc981-3462-44a0-b2f5-189d2d76609c","__parent":"east_coast_usa/timeTrial/aip-forbin-pines - Forward Prefab_group","position":[299.752136,-780.425476,45.7282829],"isRenderEnabled":false,"rotationMatrix":[0.961389005,0.275193036,0,-0.275193036,0.961389005,0,0,0,1],"shapeName":"/levels/east_coast_usa/art/shapes/misc/concrete_road_barrier_a.dae","useInstanceRenderData":true}
{"class":"TSStatic","persistentId":"e015ac0e-4edb-4cad-ae33-c9911a0a101c","__parent":"east_coast_usa/timeTrial/aip-forbin-pines - Forward Prefab_group","position":[321.059418,165.629547,56.4409256],"isRenderEnabled":false,"rotationMatrix":[-0.125491977,0.992094815,0,-0.992094815,-0.125491977,0,0,0,1],"shapeName":"/art/shapes/signboards/sb_stop_control/sb_stop_control.dae","useInstanceRenderData":true}
{"class":"TSStatic","persistentId":"e244d6c0-974f-4936-aa50-e5d23efad6d8","__parent":"east_coast_usa/timeTrial/aip-forbin-pines - Forward Prefab_group","position":[271.490021,-714.552124,42.0962677],"isRenderEnabled":false,"rotationMatrix":[-0.019859314,0.998539746,0.0502405502,-0.999194324,-0.0215750933,0.0338429101,0.0348774306,-0.0495279767,0.998163581],"shapeName":"/levels/east_coast_usa/art/shapes/misc/concrete_road_barrier_a.dae","useInstanceRenderData":true}
{"class":"TSStatic","persistentId":"e4269342-c146-4d35-b3e9-92725d872c79","__parent":"east_coast_usa/timeTrial/aip-forbin-pines - Forward Prefab_group","position":[186.854721,-721.059204,43.2470665],"isRenderEnabled":false,"rotationMatrix":[0.999819338,0.00275201327,0.0188069828,-0.00263399468,0.999976695,-0.00629715435,-0.0188238733,0.00624647923,0.999803305],"shapeName":"/levels/east_coast_usa/art/shapes/misc/concrete_road_barrier_a.dae","useInstanceRenderData":true}
{"class":"TSStatic","persistentId":"e479c6b0-197a-4392-acb4-f92ad2240bb1","__parent":"east_coast_usa/timeTrial/aip-forbin-pines - Forward Prefab_group","position":[107.959511,-670.549866,40.0083847],"isRenderEnabled":false,"rotationMatrix":[-0.758446693,-0.6510607,0.0296366811,0.644221067,-0.755812168,-0.117161363,0.0986789316,-0.0697680861,0.992670596],"shapeName":"/levels/east_coast_usa/art/shapes/misc/concrete_road_barrier_a.dae","useInstanceRenderData":true}
{"class":"TSStatic","persistentId":"e904b8dd-2c0e-49b0-bf6a-8635ed79074d","__parent":"east_coast_usa/timeTrial/aip-forbin-pines - Forward Prefab_group","position":[-159.635452,413.448914,36.8599243],"isRenderEnabled":false,"rotationMatrix":[0.416251183,0.909115255,-0.0156503841,-0.908421576,0.415075839,-0.04982749,-0.03880281,0.0349579044,0.998635232],"shapeName":"/levels/east_coast_usa/art/shapes/misc/concrete_road_barrier_a.dae","useInstanceRenderData":true}
{"class":"TSStatic","persistentId":"ef079eba-0876-45c9-844c-bea51814f7f3","__parent":"east_coast_usa/timeTrial/aip-forbin-pines - Forward Prefab_group","position":[196.14772,-709.476746,41.8421593],"isRenderEnabled":false,"rotationMatrix":[-0.268497705,-0.961228728,0.0628380179,0.963237286,-0.267296195,0.026960995,-0.00911932439,0.067766875,0.997659504],"shapeName":"/levels/east_coast_usa/art/shapes/misc/concrete_road_barrier_a.dae","useInstanceRenderData":true}
{"class":"TSStatic","persistentId":"f1a6ed9c-4ea8-4308-ac21-c428adc05848","__parent":"east_coast_usa/timeTrial/aip-forbin-pines - Forward Prefab_group","position":[296.288422,-818.702271,45.9453354],"isRenderEnabled":false,"rotationMatrix":[0.664130449,0.74761045,-0.00308845844,-0.747408152,0.664037108,0.02087925,0.0176603906,-0.0115582086,0.999777257],"shapeName":"/levels/east_coast_usa/art/shapes/misc/concrete_road_barrier_a.dae","useInstanceRenderData":true}
{"class":"TSStatic","persistentId":"f2fd63f6-04d2-4df5-b948-c82b607e3dfb","__parent":"east_coast_usa/timeTrial/aip-forbin-pines - Forward Prefab_group","position":[445.322632,200.016678,56.7946739],"isRenderEnabled":false,"rotationMatrix":[-0.4195925,0.907712102,0,-0.907712102,-0.4195925,0,0,0,1],"shapeName":"/art/shapes/signboards/sb_flying_finish/sb_flying_finish.dae","useInstanceRenderData":true}
{"class":"TSStatic","persistentId":"fb5a9b05-02ad-4fd2-9892-1d7a4905d6e2","__parent":"east_coast_usa/timeTrial/aip-forbin-pines - Forward Prefab_group","position":[539.045715,331.909882,54.4564514],"isRenderEnabled":false,"rotationMatrix":[-0.98765111,-0.156669855,0,0.156669855,-0.98765111,0,0,0,1],"shapeName":"/art/shapes/signboards/sb_flying_finish_entry/sb_flying_finish_entry.dae","useInstanceRenderData":true}
