{"name":"SimGroup_","class":"SimGroup","persistentId":"8b395dd5-3b7f-4ee0-b12e-9cfc3b41ccd9","groupPosition":"0 0 0"}
{"class":"TSStatic","persistentId":"08513e68-cba6-4c8d-b0af-bc2e7b8c6ac5","__parent":"SimGroup_","position":[450.041229,1418.4574,152.847534],"isRenderEnabled":false,"rotationMatrix":[0.0434163809,-0.999057233,0,0.999057233,0.0434163809,0,0,0,1],"shapeName":"/art/shapes/signboards/sb_ss_start/sb_ss_start.dae","useInstanceRenderData":true}
{"class":"TSStatic","persistentId":"0c1fa902-65fd-403a-b701-9b16f4bd7f2f","__parent":"SimGroup_","position":[445.315826,1413.44263,152.018173],"isRenderEnabled":false,"shapeName":"/art/aipacenotes/pole_metal1.dae","useInstanceRenderData":true}
{"class":"TSStatic","persistentId":"0cddc881-e0c7-473f-b2b4-9751c2cfaf32","__parent":"SimGroup_","position":[934.038452,1309.40381,144.131531],"isRenderEnabled":false,"rotationMatrix":[-0.00831055641,-0.99996537,2.77085928e-05,0.999959767,-0.00831067562,-0.00333391107,0.00333402632,4.65661287e-10,0.999994457],"shapeName":"/art/shapes/race/ut_race_mesh_barricade_.DAE","useInstanceRenderData":true}
{"class":"TSStatic","persistentId":"0d6d6ccb-76be-4609-9bf2-c26184736343","__parent":"SimGroup_","position":[459.98175,1420.54248,152.131561],"isRenderEnabled":false,"rotationMatrix":[0.0279654264,-0.999609172,0,0.999609172,0.0279654264,0,0,0,1],"shapeName":"/art/shapes/garage_and_dealership/s_flag_floor_teardrop_02.dae","useInstanceRenderData":true}
{"class":"TSStatic","persistentId":"0f6b2fbb-8161-4f5e-83fc-b5a1d02f3a68","__parent":"SimGroup_","position":[483.184998,1420.55872,152.40065],"isRenderEnabled":false,"rotationMatrix":[-0.0304685831,-0.999535799,0,0.999535799,-0.0304685831,0,0,0,1],"shapeName":"/art/shapes/signboards/sb_end_of_area/sb_end_of_area.dae","useInstanceRenderData":true}
{"class":"TSStatic","persistentId":"1232f33c-9cca-4434-9946-efa18b993c34","__parent":"SimGroup_","position":[-523.940979,-114.3134,231.68457],"isRenderEnabled":false,"rotationMatrix":[-0.943454862,0.3315005,0,-0.3315005,-0.943454862,0,0,0,1],"shapeName":"/art/shapes/signboards/sb_medical_point_warning/sb_medical_point_warning.dae","useInstanceRenderData":true}
{"class":"TSStatic","persistentId":"123492fc-23a7-41d3-8006-4d33ed87b8d8","__parent":"SimGroup_","position":[707.792542,1367.1925,145.209137],"isRenderEnabled":false,"rotationMatrix":[0.73510325,-0.677810073,0.0140216714,0.677765965,0.735229492,0.00841443799,-0.0160125382,0.00331793213,0.999866307],"shapeName":"/art/shapes/objects/constructionbarrier_arrows.dae","useInstanceRenderData":true}
{"class":"TSStatic","persistentId":"18d9e209-17c3-44e6-b06e-ce2b92933200","__parent":"SimGroup_","position":[561.927246,1420.95715,147.931351],"isRenderEnabled":false,"rotationMatrix":[-0.999296784,0.0375066884,0,-0.0375066884,-0.999296784,0,0,0,1],"shapeName":"/art/shapes/objects/arrowboard_R.dae","useInstanceRenderData":true}
{"class":"TSStatic","persistentId":"1f46c33b-a730-4c18-b37b-1a64f9dcd367","__parent":"SimGroup_","position":[459.662323,1412.22815,152.080994],"isRenderEnabled":false,"rotationMatrix":[0.00597661734,0.999982119,0,-0.999982119,0.00597661734,0,0,0,1],"shapeName":"/art/shapes/garage_and_dealership/s_flag_floor_teardrop_02.dae","useInstanceRenderData":true}
{"class":"TSStatic","persistentId":"21125949-9207-45ce-a158-2b31dfd1afaf","__parent":"SimGroup_","position":[954.122437,1309.31531,144.020676],"isRenderEnabled":false,"rotationMatrix":[-0.00831067562,-0.999965549,6.34060707e-05,0.999936461,-0.00831091404,-0.00762890838,0.00762917195,1.39698386e-09,0.999970913],"shapeName":"/art/shapes/race/ut_race_mesh_barricade_.DAE","useInstanceRenderData":true}
{"class":"TSStatic","persistentId":"21ab47d9-541e-4cfe-9dba-3248968e5fbe","__parent":"SimGroup_","position":[446.564331,1412.1554,154.569687],"isRenderEnabled":false,"rotationMatrix":[0.999884248,-0.00104226696,0.0151794925,0.000926993438,0.999970675,0.00759908976,-0.0151869673,-0.00758413924,0.999855936],"scale":[0.460742235,0.460742235,0.460742235],"shapeName":"/art/aipacenotes/gazebo_white.dae","useInstanceRenderData":true}
{"class":"TSStatic","persistentId":"28626e1b-38b7-4870-a0b3-42946c6a876e","__parent":"SimGroup_","position":[871.58844,1309.66663,144.149994],"isRenderEnabled":false,"rotationMatrix":[-0.0083104372,-0.999965608,2.94861024e-09,0.999965608,-0.0083104372,-3.54797237e-07,3.54809487e-07,2.84217094e-14,1],"shapeName":"/art/shapes/race/ut_race_mesh_barricade_.DAE","useInstanceRenderData":true}
{"class":"TSStatic","persistentId":"29be834f-2bf4-4bd5-99f0-ae6965da561d","__parent":"SimGroup_","position":[475.271759,1420.48718,152.009583],"isRenderEnabled":false,"rotationMatrix":[0.0279654264,-0.999609172,0,0.999609172,0.0279654264,0,0,0,1],"shapeName":"/art/shapes/garage_and_dealership/s_flag_floor_teardrop_02.dae","useInstanceRenderData":true}
{"class":"TSStatic","persistentId":"2e3ecff0-f703-4977-a7ed-c7cc7a7d0348","__parent":"SimGroup_","position":[455.416534,1420.39209,152.273163],"isRenderEnabled":false,"rotationMatrix":[0.0279654264,-0.999609172,0,0.999609172,0.0279654264,0,0,0,1],"shapeName":"/art/shapes/garage_and_dealership/s_flag_floor_teardrop_02.dae","useInstanceRenderData":true}
{"class":"TSStatic","persistentId":"31dd4278-a2c2-4558-a023-de4ebdf4d331","__parent":"SimGroup_","position":[833.502747,1308.77832,144.160843],"isRenderEnabled":false,"rotationMatrix":[0.863780618,-0.50370425,0.0128493663,0.503709137,0.86386776,0.00308657601,-0.0126548745,0.00380622013,0.999912679],"shapeName":"/art/shapes/objects/constructionbarrier_arrows.dae","useInstanceRenderData":true}
{"class":"TSStatic","persistentId":"32715571-e4c7-40e0-a272-200a574572f6","__parent":"SimGroup_","position":[447.869141,1413.46008,151.88652],"isRenderEnabled":false,"shapeName":"/art/aipacenotes/pole_metal1.dae","useInstanceRenderData":true}
{"class":"TSStatic","persistentId":"330ba29d-5366-4c5a-b9cf-6dfbda4e5225","__parent":"SimGroup_","position":[881.567078,1309.60132,144.149994],"isRenderEnabled":false,"rotationMatrix":[-0.0083104372,-0.999965429,0,0.999965429,-0.0083104372,0,0,0,1],"shapeName":"/art/shapes/race/ut_race_mesh_barricade_.DAE","useInstanceRenderData":true}
{"class":"TSStatic","persistentId":"338066d9-94c4-4f58-9339-82922d1c10e3","__parent":"SimGroup_","position":[-523.940247,-114.319649,232.451981],"isRenderEnabled":false,"rotationMatrix":[-0.945593953,0.325350821,0,-0.325350821,-0.945593953,0,0,0,1],"shapeName":"/art/shapes/signboards/sb_radio_point_warning/sb_radio_point_warning.dae","useInstanceRenderData":true}
{"class":"TSStatic","persistentId":"38f3a1d9-285c-47a8-bd46-ce683fa36316","__parent":"SimGroup_","position":[911.421753,1309.36682,144.006348],"isRenderEnabled":false,"rotationMatrix":[-0.0083104372,-0.999965429,0,0.999965429,-0.0083104372,0,0,0,1],"shapeName":"/art/shapes/race/ut_race_mesh_barricade_.DAE","useInstanceRenderData":true}
{"class":"TSStatic","persistentId":"3b2b488a-d5d4-414f-914d-5d300314543c","__parent":"SimGroup_","position":[445.782318,1413.2323,153.103424],"isRenderEnabled":false,"rotationMatrix":[0.946193278,0.32351917,0.0073225568,-0.323512971,0.94622153,-0.00204780558,-0.00759126479,-0.000431321678,0.999971092],"scale":[3.0845089,3.0845089,1],"shapeName":"/art/shapes/garage_and_dealership/garage/s_wrench_04.dae","useInstanceRenderData":true}
{"class":"TSStatic","persistentId":"3c95d329-7c4a-49c3-b519-7e160fb9894f","__parent":"SimGroup_","position":[778.815796,1330.3855,145.085663],"isRenderEnabled":false,"rotationMatrix":[0.961038172,-0.27605927,0.0140336892,0.276066661,0.961137414,0.00144486967,-0.0138871735,0.00248565851,0.99990046],"shapeName":"/art/shapes/objects/constructionbarrier_arrows.dae","useInstanceRenderData":true}
{"class":"TSStatic","persistentId":"44c3ae89-c8ee-4397-98ee-c8973005b645","__parent":"SimGroup_","position":[-529.793091,-194.221573,231.495804],"isRenderEnabled":false,"rotationMatrix":[-0.906541467,0.422117561,0,-0.422117561,-0.906541467,0,0,0,1],"shapeName":"/art/shapes/signboards/sb_radio_point/sb_radio_point.dae","useInstanceRenderData":true}
{"class":"TSStatic","persistentId":"4a6db68f-011c-4ddc-aa00-059145e05843","__parent":"SimGroup_","position":[846.691467,1318.06604,144.006348],"isRenderEnabled":false,"rotationMatrix":[-0.866609573,-0.49883765,-0.0121849226,0.498721778,-0.866686821,0.0114043346,-0.0162494257,0.00380622107,0.999860704],"shapeName":"/art/shapes/objects/constructionbarrier_arrows.dae","useInstanceRenderData":true}
{"class":"TSStatic","persistentId":"4b5d625a-a687-4306-9a64-fddc0984297a","__parent":"SimGroup_","position":[819.393555,1321.46204,144.215073],"isRenderEnabled":false,"rotationMatrix":[-0.866617918,-0.498840451,0.0114526991,0.498927832,-0.866618156,0.0065998733,0.00663283514,0.0114336405,0.99991262],"shapeName":"/art/shapes/objects/constructionbarrier_arrows.dae","useInstanceRenderData":true}
{"class":"TSStatic","persistentId":"4b6f0d3c-8522-4bed-a5a2-d8204ca41419","__parent":"SimGroup_","position":[447.860504,1410.90283,151.809204],"isRenderEnabled":false,"rotationMatrix":[0.999999762,0.000696626899,-5.30214129e-06,-0.000696626899,0.99988395,-0.0152180465,-5.29977206e-06,0.0152180465,0.999884188],"shapeName":"/art/aipacenotes/pole_metal1.dae","useInstanceRenderData":true}
{"class":"TSStatic","persistentId":"4c8cf6d9-ed25-4d50-97c8-846e1645d41c","__parent":"SimGroup_","position":[450.179749,1414.13123,152.808762],"isRenderEnabled":false,"rotationMatrix":[0.0434163809,-0.999057233,0,0.999057233,0.0434163809,0,0,0,1],"shapeName":"/art/shapes/signboards/sb_ss_start/sb_ss_start.dae","useInstanceRenderData":true}
{"class":"TSStatic","persistentId":"4d8e8ffa-d166-40cb-88f8-131c7702e7dd","__parent":"SimGroup_","position":[483.170105,1411.95398,152.40065],"isRenderEnabled":false,"rotationMatrix":[-0.0304685831,-0.999535799,0,0.999535799,-0.0304685831,0,0,0,1],"shapeName":"/art/shapes/signboards/sb_end_of_area/sb_end_of_area.dae","useInstanceRenderData":true}
{"class":"TSStatic","persistentId":"4dadd637-c6ec-448b-98ad-76d987dd2add","__parent":"SimGroup_","position":[944.149353,1309.3866,144.100037],"isRenderEnabled":false,"rotationMatrix":[-0.00831031799,-0.999965489,0.000186250429,0.999965489,-0.00831031799,2.29894795e-05,-2.1440901e-05,0.000186435049,1],"shapeName":"/art/shapes/race/ut_race_mesh_barricade_.DAE","useInstanceRenderData":true}
{"class":"TSStatic","persistentId":"5294d3c9-e902-41a2-9ee2-bb736ed73d39","__parent":"SimGroup_","position":[1104.12866,-719.056091,146.640991],"isRenderEnabled":false,"rotationMatrix":[-0.999789476,0.020532988,0,-0.020532988,-0.999789476,0,0,0,1],"shapeName":"/art/shapes/signboards/sb_flying_finish_entry/sb_flying_finish_entry.dae","useInstanceRenderData":true}
{"class":"TSStatic","persistentId":"5dcf96ec-36d4-45bd-9694-1562b8428922","__parent":"SimGroup_","position":[-529.256897,-194.494492,231.484299],"isRenderEnabled":false,"rotationMatrix":[-0.916289687,0.397899061,-0.0457072407,-0.399408847,-0.916266203,0.0304714926,-0.0297554284,0.0461766012,0.998490036],"shapeName":"/art/shapes/signboards/sb_medical_vehicle_point/sb_medical_vehicle_point.dae","useInstanceRenderData":true}
{"class":"TSStatic","persistentId":"628d56e3-52c9-4fd1-8789-9cbec77ad69b","__parent":"SimGroup_","position":[478.848175,1411.63635,152.009583],"isRenderEnabled":false,"rotationMatrix":[0.00597661734,0.999982119,0,-0.999982119,0.00597661734,0,0,0,1],"shapeName":"/art/shapes/garage_and_dealership/s_flag_floor_teardrop_02.dae","useInstanceRenderData":true}
{"class":"TSStatic","persistentId":"6bf697e4-2d01-4506-8943-c273df97a412","__parent":"SimGroup_","position":[1337.22644,-918.388,150.299072],"isRenderEnabled":false,"rotationMatrix":[-0.539362073,-0.841936469,0.0152035765,0.838398218,-0.538605332,-0.0836196616,0.0785911828,-0.032354638,0.99638176],"shapeName":"/art/shapes/signboards/sb_stop_control/sb_stop_control.dae","useInstanceRenderData":true}
{"class":"TSStatic","persistentId":"6f033a18-1880-4301-a4e7-fc54b00aeefc","__parent":"SimGroup_","position":[446.26532,1413.09668,153.107025],"isRenderEnabled":false,"rotationMatrix":[0.96916163,0.246313006,0.00746361678,-0.246309102,0.96919024,-0.0014518064,-0.00759126293,-0.000431321329,0.999971092],"shapeName":"/art/shapes/garage_and_dealership/garage/s_laptop.dae","useInstanceRenderData":true}
{"class":"TSStatic","persistentId":"71cdbe10-6b09-4075-bf74-7e45472bb9cb","__parent":"SimGroup_","position":[474.523376,1411.81104,152.015472],"isRenderEnabled":false,"rotationMatrix":[0.00597661734,0.999982119,0,-0.999982119,0.00597661734,0,0,0,1],"shapeName":"/art/shapes/garage_and_dealership/s_flag_floor_teardrop_02.dae","useInstanceRenderData":true}
{"class":"TSStatic","persistentId":"75d5f3c8-8c22-4e66-83f6-f3f13dd27a2a","__parent":"SimGroup_","position":[451.802765,1420.2854,152.409485],"isRenderEnabled":false,"rotationMatrix":[0.0279654264,-0.999609172,0,0.999609172,0.0279654264,0,0,0,1],"shapeName":"/art/shapes/garage_and_dealership/s_flag_floor_teardrop_02.dae","useInstanceRenderData":true}
{"class":"TSStatic","persistentId":"75ea8367-ad88-4047-bf22-9a6a4fbee937","__parent":"SimGroup_","position":[901.487549,1309.46704,144.149994],"isRenderEnabled":false,"rotationMatrix":[-0.0083104372,-0.999965429,0,0.999965429,-0.0083104372,0,0,0,1],"shapeName":"/art/shapes/race/ut_race_mesh_barricade_.DAE","useInstanceRenderData":true}
{"class":"TSStatic","persistentId":"7ac45008-539a-4edc-bdd2-d87f8e7eaaf5","__parent":"SimGroup_","position":[451.704681,1412.34106,152.320404],"isRenderEnabled":false,"rotationMatrix":[0.00597661734,0.999982119,0,-0.999982119,0.00597661734,0,0,0,1],"shapeName":"/art/shapes/garage_and_dealership/s_flag_floor_teardrop_02.dae","useInstanceRenderData":true}
{"class":"TSStatic","persistentId":"7cbd3258-d60b-4019-a414-64b0b3ea5674","__parent":"SimGroup_","position":[891.518494,1309.52832,144.150009],"isRenderEnabled":false,"rotationMatrix":[-0.0083104372,-0.99996525,0,0.99996525,-0.0083104372,0,0,0,1],"shapeName":"/art/shapes/race/ut_race_mesh_barricade_.DAE","useInstanceRenderData":true}
{"class":"TSStatic","persistentId":"7ee98253-1df4-41c0-95d6-27aa43c4e89f","__parent":"SimGroup_","position":[445.60495,1413.31982,153.102112],"isRenderEnabled":false,"rotationMatrix":[0.999971211,-1.63716072e-06,0.00759126246,-1.63716072e-06,0.999999881,0.000431321416,-0.00759126246,-0.000431321416,0.999971092],"shapeName":"/art/shapes/garage_and_dealership/garage/s_ducktape.dae","useInstanceRenderData":true}
{"class":"TSStatic","persistentId":"86e48553-b4f3-4d2b-9afe-c80fc1e28a6a","__parent":"SimGroup_","position":[1124.66602,-762.109375,147.395721],"isRenderEnabled":false,"rotationMatrix":[-0.635741711,-0.771901548,0,0.771901548,-0.635741711,0,0,0,1],"shapeName":"/art/shapes/signboards/sb_flying_finish/sb_flying_finish.dae","useInstanceRenderData":true}
{"class":"TSStatic","persistentId":"88866ed1-1108-4e6e-bd04-f3c951895c8f","__parent":"SimGroup_","position":[841.676514,1309.73303,144.006348],"isRenderEnabled":false,"rotationMatrix":[-0.0083104372,-0.999965429,0,0.999965429,-0.0083104372,0,0,0,1],"shapeName":"/art/shapes/race/ut_race_mesh_barricade_.DAE","useInstanceRenderData":true}
{"class":"TSStatic","persistentId":"8d22d6e1-637c-40d5-9b84-972a8ce3c470","__parent":"SimGroup_","position":[446.295288,1412.42944,152.574768],"isRenderEnabled":false,"rotationMatrix":[0.998577952,0.000812602055,-0.0533050112,0.000812602055,0.99953568,0.0304600056,0.0533050112,-0.0304600056,0.998113573],"shapeName":"/art/shapes/garage_and_dealership/garage/s_metal_stool.dae","useInstanceRenderData":true}
{"class":"TSStatic","persistentId":"93b84752-04c2-47a4-8473-a3fe99878e31","__parent":"SimGroup_","position":[921.432312,1309.32874,144.135635],"isRenderEnabled":false,"rotationMatrix":[-0.00831055641,-0.999965608,-1.68916304e-05,0.999963582,-0.00831055641,0.00203252025,-0.00203259056,1.16415322e-10,0.999997914],"shapeName":"/art/shapes/race/ut_race_mesh_barricade_.DAE","useInstanceRenderData":true}
{"class":"TSStatic","persistentId":"9562b4c2-b309-492c-86c0-b9726bcb9508","__parent":"SimGroup_","position":[861.611328,1309.68799,144.150009],"isRenderEnabled":false,"rotationMatrix":[-0.0083104372,-0.999965608,2.94861024e-09,0.999965608,-0.0083104372,-3.54797237e-07,3.54809487e-07,2.84217094e-14,1],"shapeName":"/art/shapes/race/ut_race_mesh_barricade_.DAE","useInstanceRenderData":true}
{"class":"TSStatic","persistentId":"9f78e0a8-eb15-4312-8889-9b673f12961f","__parent":"SimGroup_","position":[1095.95679,-718.934448,146.722198],"isRenderEnabled":false,"rotationMatrix":[-0.999789476,0.020532988,0,-0.020532988,-0.999789476,0,0,0,1],"shapeName":"/art/shapes/signboards/sb_flying_finish_entry/sb_flying_finish_entry.dae","useInstanceRenderData":true}
{"class":"TSStatic","persistentId":"a9e57865-9870-4f25-9ae8-bf85e1ee6d74","__parent":"SimGroup_","position":[445.950531,1413.17419,152.620743],"isRenderEnabled":false,"rotationMatrix":[-0.99994719,-0.00692204153,-0.00759406667,0.00692511676,-0.99997592,-0.000378751574,-0.00759126246,-0.000431321358,0.999971092],"scale":[1,1.51524782,1],"shapeName":"/art/shapes/garage_and_dealership/garage/s_office_bench.dae","useInstanceRenderData":true}
{"class":"TSStatic","persistentId":"a9f89eef-af97-4cf7-919b-be6fef30b6d5","__parent":"SimGroup_","position":[851.638916,1309.69141,144.150009],"isRenderEnabled":false,"rotationMatrix":[-0.0083104372,-0.999965429,-6.47168932e-08,0.999965429,-0.0083104372,-2.10809844e-07,2.10264744e-07,-6.64665905e-08,1],"shapeName":"/art/shapes/race/ut_race_mesh_barricade_.DAE","useInstanceRenderData":true}
{"class":"TSStatic","persistentId":"b3c7e1fe-f159-45e5-8bc7-6f49dccbe531","__parent":"SimGroup_","position":[764.236511,1339.34607,145.128876],"isRenderEnabled":false,"rotationMatrix":[0.907855868,-0.418979734,0.0159293581,0.418976575,0.907989502,0.00369672477,-0.0160125438,0.00331793353,0.999866307],"shapeName":"/art/shapes/objects/constructionbarrier_arrows.dae","useInstanceRenderData":true}
{"class":"TSStatic","persistentId":"b3cae15e-9094-406d-96bc-f6b883a08b2d","__parent":"SimGroup_","position":[964.071838,1309.2489,144.006348],"isRenderEnabled":false,"rotationMatrix":[-0.00831115246,-0.999965429,1.37761258e-09,0.999965429,-0.00831115246,1.26454325e-09,-1.25305e-09,1.38807488e-09,1],"shapeName":"/art/shapes/race/ut_race_mesh_barricade_.DAE","useInstanceRenderData":true}
{"class":"TSStatic","persistentId":"b62ebed2-d6ef-4af3-ac89-76ac1ac8ddec","__parent":"SimGroup_","position":[478.77533,1420.51489,152.009583],"isRenderEnabled":false,"rotationMatrix":[0.0279654264,-0.999609172,0,0.999609172,0.0279654264,0,0,0,1],"shapeName":"/art/shapes/garage_and_dealership/s_flag_floor_teardrop_02.dae","useInstanceRenderData":true}
{"class":"TSStatic","persistentId":"b637631b-d29a-4339-b353-cec4e5c1452d","__parent":"SimGroup_","position":[1128.66797,-757.906311,147.395721],"isRenderEnabled":false,"rotationMatrix":[-0.635741711,-0.771901548,0,0.771901548,-0.635741711,0,0,0,1],"shapeName":"/art/shapes/signboards/sb_flying_finish/sb_flying_finish.dae","useInstanceRenderData":true}
{"class":"TSStatic","persistentId":"b6c98bc9-6bba-4af7-9bc8-d663e4f5acaf","__parent":"SimGroup_","position":[447.013947,1413.1748,152.562637],"isRenderEnabled":false,"rotationMatrix":[-0.999974489,-0.00715572061,-2.15835041e-11,0.00715572061,-0.999974489,7.15479342e-10,-2.67027216e-11,7.15306592e-10,1],"scale":[1,1.51524782,1],"shapeName":"/art/shapes/garage_and_dealership/garage/s_office_bench.dae","useInstanceRenderData":true}
{"class":"TSStatic","persistentId":"bfeacfbc-3083-47d5-968b-c06ec9d3a416","__parent":"SimGroup_","position":[1335.01953,-921.463806,150.422287],"isRenderEnabled":false,"rotationMatrix":[-0.539362073,-0.841936469,0.0152035765,0.838398218,-0.538605332,-0.0836196616,0.0785911828,-0.032354638,0.99638176],"shapeName":"/art/shapes/signboards/sb_stop_control/sb_stop_control.dae","useInstanceRenderData":true}
{"class":"TSStatic","persistentId":"cb448c3e-0e2d-4299-893f-50ef8a154d46","__parent":"SimGroup_","position":[464.833282,1411.92883,151.986237],"isRenderEnabled":false,"rotationMatrix":[0.00597661734,0.999982119,0,-0.999982119,0.00597661734,0,0,0,1],"shapeName":"/art/shapes/garage_and_dealership/s_flag_floor_teardrop_02.dae","useInstanceRenderData":true}
{"class":"TSStatic","persistentId":"ceffa08d-fd12-407f-9149-d9f7037cb801","__parent":"SimGroup_","position":[469.953491,1411.81494,151.94574],"isRenderEnabled":false,"rotationMatrix":[0.00597661734,0.999982119,0,-0.999982119,0.00597661734,0,0,0,1],"shapeName":"/art/shapes/garage_and_dealership/s_flag_floor_teardrop_02.dae","useInstanceRenderData":true}
{"class":"TSStatic","persistentId":"d734c143-50fc-4c03-8b8f-865b9fd75580","__parent":"SimGroup_","position":[470.674194,1420.70483,151.972809],"isRenderEnabled":false,"rotationMatrix":[0.0279654264,-0.999609172,0,0.999609172,0.0279654264,0,0,0,1],"shapeName":"/art/shapes/garage_and_dealership/s_flag_floor_teardrop_02.dae","useInstanceRenderData":true}
{"class":"TSStatic","persistentId":"db1ea549-7672-42ec-9c95-de54d3552330","__parent":"SimGroup_","position":[796.275391,1325.81128,144.919403],"isRenderEnabled":false,"rotationMatrix":[-0.866683125,-0.498784751,0.00858845282,0.498796254,-0.866718531,-0.000895524397,0.00789044704,0.00350775244,0.999962747],"shapeName":"/art/shapes/objects/constructionbarrier_arrows.dae","useInstanceRenderData":true}
{"class":"TSStatic","persistentId":"dbe2fa03-af81-4098-acfc-b751f3d4320c","__parent":"SimGroup_","position":[445.309052,1410.91919,151.938599],"isRenderEnabled":false,"shapeName":"/art/aipacenotes/pole_metal1.dae","useInstanceRenderData":true}
{"class":"TSStatic","persistentId":"deb8c855-8d57-4feb-8b7f-616224df787d","__parent":"SimGroup_","position":[974.03656,1309.16248,144.006348],"isRenderEnabled":false,"rotationMatrix":[-0.00831079483,-0.99996525,1.37761225e-09,0.99996525,-0.00831079483,1.2645428e-09,-1.25304966e-09,1.38807443e-09,1],"shapeName":"/art/shapes/race/ut_race_mesh_barricade_.DAE","useInstanceRenderData":true}
{"class":"TSStatic","persistentId":"e34204b6-fab6-4d7d-9942-151454d158a3","__parent":"SimGroup_","position":[465.112946,1420.6095,152.029083],"isRenderEnabled":false,"rotationMatrix":[0.0279654264,-0.999609172,0,0.999609172,0.0279654264,0,0,0,1],"shapeName":"/art/shapes/garage_and_dealership/s_flag_floor_teardrop_02.dae","useInstanceRenderData":true}
{"class":"TSStatic","persistentId":"e583b888-0f17-4e56-8971-b7d29b902ba8","__parent":"SimGroup_","position":[446.970428,1412.46313,152.539993],"isRenderEnabled":false,"rotationMatrix":[0.998577952,0.000812602055,-0.0533050112,0.000812602055,0.99953568,0.0304600056,0.0533050112,-0.0304600056,0.998113573],"shapeName":"/art/shapes/garage_and_dealership/garage/s_metal_stool.dae","useInstanceRenderData":true}
{"class":"TSStatic","persistentId":"fb2245e8-bb88-4e30-937e-53994e0290c3","__parent":"SimGroup_","position":[455.503418,1412.34827,152.195587],"isRenderEnabled":false,"rotationMatrix":[0.00597661734,0.999982119,0,-0.999982119,0.00597661734,0,0,0,1],"shapeName":"/art/shapes/garage_and_dealership/s_flag_floor_teardrop_02.dae","useInstanceRenderData":true}
{"class":"TSStatic","persistentId":"fb35b9e3-9bb1-499b-aa43-26bde3f6b8b7","__parent":"SimGroup_","position":[447.034668,1413.16772,153.046555],"isRenderEnabled":false,"rotationMatrix":[1,9.55031474e-21,2.67027199e-11,9.55031474e-21,1,-7.15306536e-10,-2.67027199e-11,7.15306536e-10,1],"shapeName":"/art/shapes/garage_and_dealership/garage/s_laptop.dae","useInstanceRenderData":true}
