{"class":"DecalRoad","persistentId":"10941634-339b-4b29-8384-1611570e565b","__parent":"SimGroup_","position":[-201.800598,-12.7607603,-284.851044],"improvedSpline":true,"material":"track_rubber","nodes":[[-201.800598,-12.7607603,-284.851044,6],[-190.92041,-0.222324997,-284.725769,6],[-174.995651,11.6611319,-284.358398,6],[-166.098404,23.6092205,-283.583466,6],[-160.203278,41.0790863,-281.881165,6],[-160.064026,58.5724106,-279.22168,6]],"startEndFade":[50,50],"textureLength":100}
{"class":"DecalRoad","persistentId":"1b4d474c-c407-4b90-91ba-a8e0d28ac3b7","__parent":"SimGroup_","position":[-262.424561,342.681,-286.867035],"improvedSpline":true,"material":"track_rubber","nodes":[[-262.424561,342.681,-286.867035,6],[-252.984909,375.375488,-285.967316,6],[-251.178604,400.591827,-285.513611,6],[-253.711197,417.167908,-285.380798,6],[-253.756927,426.734375,-285.36554,6],[-248.974457,435.509674,-285.347595,6]],"startEndFade":[50,10],"textureLength":100}
{"class":"DecalRoad","persistentId":"31fc0d8d-8153-4a8d-ab50-deb796058e4c","__parent":"SimGroup_","position":[-374.688049,-102.872711,-290.233154],"improvedSpline":true,"material":"track_rubber","nodes":[[-374.688049,-102.872711,-290.233154,6],[-352.823242,-105.05957,-288.29071,6],[-330.717651,-104.193443,-286.709717,6],[-313.484009,-98.550827,-286.330536,6],[-295.401672,-85.7534866,-286.233765,6]],"startEndFade":[50,50],"textureLength":100}
{"class":"DecalRoad","persistentId":"4b05285a-97e2-42dc-96b8-a36fcb31b486","__parent":"SimGroup_","position":[-413.166962,-494.068115,-319.746979],"improvedSpline":true,"material":"track_rubber","nodes":[[-413.166962,-494.068115,-319.746979,6],[-415.753082,-470.345642,-317.458527,6],[-415.527039,-459.282379,-316.44342,6]],"startEndFade":[1,10],"textureLength":100}
{"class":"DecalRoad","persistentId":"53aa408f-1c49-467b-9235-ed95f6f18421","__parent":"SimGroup_","position":[-194.314835,180.330231,-285.062897],"improvedSpline":true,"material":"track_rubber","nodes":[[-194.314835,180.330231,-285.062897,6],[-193.789398,195.43367,-285.124695,6],[-193.602829,222.370377,-284.738037,6],[-186.8078,232.630905,-284.098999,6],[-177.580063,234.717178,-283.16507,6],[-169.752487,228.67189,-282.169281,6],[-166.962997,212.950256,-281.847992,6],[-169.431702,193.301559,-281.517578,6],[-167.873993,179.113876,-281.093933,6],[-164.772995,168.258667,-281.120514,6]],"startEndFade":[50,50],"textureLength":100}
{"class":"DecalRoad","persistentId":"87e86e2c-c542-48de-ba25-764a2e69ac44","__parent":"SimGroup_","position":[-193.853836,-3.28646302,-284.761719],"improvedSpline":true,"material":"track_rubber","nodes":[[-193.853836,-3.28646302,-284.761719,6],[-210.643051,-25.3731136,-284.956421,6],[-222.447678,-44.6928329,-285.092438,6],[-232.945282,-53.7361946,-285.241028,6],[-250.080994,-59.6686363,-285.516815,6],[-270.52475,-66.1941147,-285.848114,6]],"startEndFade":[50,50],"textureLength":100}
{"class":"DecalRoad","persistentId":"9364c495-18d1-432b-ab7f-e5ab26ad4315","__parent":"SimGroup_","position":[-412.259491,-493.160797,-319.69162],"improvedSpline":true,"material":"track_rubber","nodes":[[-412.259491,-493.160797,-319.69162,4],[-414.845612,-469.438324,-317.368561,4],[-413.756042,-456.79425,-316.168396,4]],"startEndFade":[1,10],"textureLength":50}
{"class":"DecalRoad","persistentId":"960d53b5-7d7f-465f-95b7-911c8fba4e57","__parent":"SimGroup_","position":[-466.484436,-195.699783,-313.218811],"improvedSpline":true,"material":"track_rubber","nodes":[[-466.484436,-195.699783,-313.218811,6],[-481.129547,-171.57074,-312.136536,6],[-485.7948,-154.429184,-309.444366,6],[-483.973206,-138.597763,-306.564301,6],[-474.653168,-123.530411,-303.469147,6],[-456.346527,-112.164955,-300.85141,6],[-445.718384,-108.88974,-299.778625,6]],"startEndFade":[50,50],"textureLength":100}
{"class":"DecalRoad","persistentId":"a9ea14b0-4a11-4d75-9e71-08aee22c29c5","__parent":"SimGroup_","position":[-167.921463,207.430969,-281.793945],"improvedSpline":true,"material":"track_rubber","nodes":[[-167.921463,207.430969,-281.793945,6],[-166.996063,223.263519,-281.886963,6],[-174.418121,233.664627,-282.763885,6],[-186.183151,233.062347,-284.048828,6],[-193.60141,220.976578,-284.791016,6],[-194.09024,203.490997,-285.118713,6]],"startEndFade":[50,50],"textureLength":100}
{"class":"DecalRoad","persistentId":"c6265131-f968-4df1-9003-e8eacd399a0c","__parent":"SimGroup_","position":[-296.201324,57.6569023,-287.380829],"improvedSpline":true,"material":"track_rubber","nodes":[[-296.201324,57.6569023,-287.380829,6],[-325.62851,44.2199478,-288.413055,6],[-343.5047,33.9477959,-289.219727,6],[-370.382385,12.9326096,-290.11026,6],[-386.42572,0.767068982,-290.716827,6],[-399.487915,-2.41028404,-291.289886,6],[-407.160126,3.69934702,-291.776947,6],[-407.959381,15.8891144,-292.177185,6],[-400.245331,29.7163506,-292.121887,6],[-384.613647,57.8659096,-291.636017,6]],"startEndFade":[50,50],"textureLength":100}
{"class":"DecalRoad","persistentId":"c8c03524-5cc6-4e9b-93cf-230e74d25ad9","__parent":"SimGroup_","position":[-169.886841,208.087219,-281.803253],"improvedSpline":true,"material":"track_rubber","nodes":[[-169.886841,208.087219,-281.803253,6],[-169.647003,191.255524,-281.45108,6],[-162.666199,164.270294,-281.138855,6],[-157.371674,139.636261,-280.81778,6],[-160.233963,119.662102,-279.94928,6],[-163.480545,104.63327,-279.648315,6],[-163.840881,81.5382919,-278.786011,6]],"startEndFade":[50,50],"textureLength":100}
{"class":"DecalRoad","persistentId":"f064e6bf-8f76-4581-ab47-88daf71540ca","__parent":"SimGroup_","position":[-396.112885,37.4264832,-292.004242],"improvedSpline":true,"material":"track_rubber","nodes":[[-396.112885,37.4264832,-292.004242,6],[-405.523529,19.7668133,-292.201477,6],[-409.155212,8.25255013,-291.971497,6],[-406.289307,-0.252375007,-291.62027,6],[-396.670898,-3.41554499,-291.172333,6],[-385.067413,0.379574001,-290.684204,6],[-369.684998,16.6969509,-290.049805,6],[-355.708496,27.2538471,-289.657959,6],[-342.426544,33.7830696,-289.190613,6]],"startEndFade":[30,30],"textureLength":100}
{"name":"SimGroup_","class":"SimGroup","persistentId":"711d5935-8057-4a88-869e-9525288f44af","groupPosition":"0 0 0"}
{"class":"TSStatic","persistentId":"01739778-bcbd-4a54-9f6a-01d0693cdf8d","__parent":"SimGroup_","position":[-440.411804,-496.731323,-320.032806],"isRenderEnabled":false,"rotationMatrix":[0.807661951,0.589645803,0,-0.589645803,0.807661951,0,0,0,1],"shapeName":"/art/shapes/garage_and_dealership/Clutter/plastic_can_big.DAE","useInstanceRenderData":true}
{"class":"TSStatic","persistentId":"0327dfa2-fd96-474a-a316-f3556942c92d","__parent":"SimGroup_","position":[296.824005,-478.050262,-240.638321],"collisionType":"None","decalType":"None","isRenderEnabled":false,"rotationMatrix":[-0.3078475,0.951435685,2.08616257e-07,1.1920929e-07,-2.38418579e-07,1,0.951435685,0.3078475,0],"scale":[0.25034371,0.25034371,0.25034371],"shapeName":"/levels/ms_s2/art/shapes/buildings/charging_station_b.DAE","useInstanceRenderData":true}
{"class":"TSStatic","persistentId":"0340f08d-8e8c-4c44-9448-e73ef3943db5","__parent":"SimGroup_","position":[-433.638519,-461.442474,-317.106995],"isRenderEnabled":false,"rotationMatrix":[0.99971056,-0.02405761,0,0.02405761,0.99971056,0,0,0,1],"shapeName":"/levels/ms_s2/art/shapes/objects_hr/gazebo_red.dae","useInstanceRenderData":true}
{"class":"TSStatic","persistentId":"074493f1-51af-4a49-a8ab-dfaa0b3dc457","__parent":"SimGroup_","position":[-436.667236,-470.756714,-319.654755],"isRenderEnabled":false,"rotationMatrix":[0.999951482,0.00984797627,0,-0.00984797627,0.999951482,0,0,0,1],"shapeName":"/levels/ms_s2/art/shapes/objects_hr/pole_metal1.dae","useInstanceRenderData":true}
{"class":"TSStatic","persistentId":"076c06cc-d7e3-470a-9c3f-20f58aea62b9","__parent":"SimGroup_","position":[180.4431,-252.935089,-218.805298],"isRenderEnabled":false,"rotationMatrix":[-0.0270824432,0.997799575,0.0605172291,-0.997746289,-0.0232639313,-0.0629362464,-0.0613898933,-0.0620853156,0.996181071],"shapeName":"/levels/ms_s1/art/shapes/buildings/italy_construction_site_net.DAE","useInstanceRenderData":true}
{"class":"TSStatic","persistentId":"07dc4110-ca29-4669-8cc5-d086ca0a92e3","__parent":"SimGroup_","position":[261.251862,-194.615921,-207.796219],"isRenderEnabled":false,"rotationMatrix":[-0.872007012,-0.420855582,-0.249970973,0.436431825,-0.899704933,-0.00770384073,-0.221657783,-0.115813054,0.968222678],"shapeName":"/levels/ms_s1/art/shapes/buildings/italy_construction_site_net.DAE","useInstanceRenderData":true}
{"class":"TSStatic","persistentId":"08dbe5e6-be97-49ea-8ced-c9e76862227a","__parent":"SimGroup_","position":[230.725021,338.153259,-238.368866],"isRenderEnabled":false,"rotationMatrix":[0.791358113,0.603876412,0.0953186899,-0.602382123,0.796821713,-0.0470197871,-0.104346141,-0.0202087909,0.994335711],"shapeName":"/levels/ms_s1/art/shapes/buildings/italy_construction_site_net.DAE","useInstanceRenderData":true}
{"class":"TSStatic","persistentId":"09596971-8d72-41ab-84be-ba452524c576","__parent":"SimGroup_","position":[-430.785522,-477.154144,-319.654755],"isRenderEnabled":false,"rotationMatrix":[0.999989629,-0.00455485284,0,0.00455485284,0.999989629,0,0,0,1],"shapeName":"/levels/ms_s2/art/shapes/objects_hr/pole_metal1.dae","useInstanceRenderData":true}
{"class":"TSStatic","persistentId":"09c17715-a6bc-42c4-b1d2-d23561dbcd73","__parent":"SimGroup_","position":[444.914948,340.664734,-149.883987],"isRenderEnabled":false,"rotationMatrix":[0.880525172,0.456013203,0.129334167,-0.457181334,0.88909483,-0.0222622082,-0.125142202,-0.0395267382,0.991351128],"shapeName":"/levels/ms_s1/art/shapes/buildings/italy_construction_site_net.DAE","useInstanceRenderData":true}
{"class":"TSStatic","persistentId":"0ae15419-5446-42ef-b64a-241976f61d84","__parent":"SimGroup_","position":[-441.059662,-458.967285,-319.654755],"isRenderEnabled":false,"rotationMatrix":[0.999876022,-0.015746193,0,0.015746193,0.999876022,0,0,0,1],"shapeName":"/levels/ms_s2/art/shapes/objects_hr/pole_metal1.dae","useInstanceRenderData":true}
{"class":"TSStatic","persistentId":"0b218420-c669-43b3-b856-b263258aecd4","__parent":"SimGroup_","position":[-411.584045,-482.325531,-318.795685],"collisionType":"None","decalType":"None","isRenderEnabled":false,"rotationMatrix":[0.998704195,0.0504541248,-0.00665681157,-0.0493183583,0.991789579,0.117987879,0.0125551326,-0.11750669,0.992992699],"scale":[0.522900343,0.522900343,0.522900343],"shapeName":"/art/shapes/objects/s_standinglight_01.dae","useInstanceRenderData":true}
{"class":"TSStatic","persistentId":"0bc2b53f-d034-4056-931f-72aaac465527","__parent":"SimGroup_","position":[449.212921,318.20462,-145.522873],"isRenderEnabled":false,"rotationMatrix":[0.856806219,-0.514132202,-0.0393843688,0.514242232,0.857607126,-0.00806175452,0.0379211195,-0.0133457454,0.999191642],"shapeName":"/levels/ms_s1/art/shapes/race/sign_checkpoint.dae","useInstanceRenderData":true}
{"class":"TSStatic","persistentId":"0e87a61a-1682-4db9-831c-6b65b5607fd5","__parent":"SimGroup_","position":[-440.913635,-491.594391,-319.654755],"isRenderEnabled":false,"rotationMatrix":[0.997563243,0.0697679892,0,-0.0697679892,0.997563243,0,0,0,1],"shapeName":"/levels/ms_s2/art/shapes/objects_hr/pole_metal1.dae","useInstanceRenderData":true}
{"class":"TSStatic","persistentId":"0f8ff4b7-15eb-4761-86b7-bd23df3f8427","__parent":"SimGroup_","position":[-441.149811,-464.881989,-319.654755],"isRenderEnabled":false,"rotationMatrix":[0.999876022,-0.015746193,0,0.015746193,0.999876022,0,0,0,1],"shapeName":"/levels/ms_s2/art/shapes/objects_hr/pole_metal1.dae","useInstanceRenderData":true}
{"class":"TSStatic","persistentId":"112278f9-9618-4af6-903d-f9dfaa3dbe42","__parent":"SimGroup_","position":[188.420929,-223.051117,-216.60527],"isRenderEnabled":false,"rotationMatrix":[0.51739794,0.850834012,0.091546841,-0.851438642,0.522558808,-0.0445478931,-0.0857414678,-0.0548975319,0.994803846],"shapeName":"/levels/ms_s1/art/shapes/buildings/italy_construction_site_net.DAE","useInstanceRenderData":true}
{"class":"TSStatic","persistentId":"11f3dbed-b105-44ec-bcba-0b4d845e64f2","__parent":"SimGroup_","position":[250.906189,343.725311,-236.416931],"isRenderEnabled":false,"rotationMatrix":[0.997582078,0,0.0694977567,0,1,0,-0.0694977567,0,0.997582078],"shapeName":"/levels/ms_s1/art/shapes/buildings/italy_construction_site_net_folded.DAE","useInstanceRenderData":true}
{"class":"TSStatic","persistentId":"1226e1e3-9b80-4512-9d3d-a94c6a7c7275","__parent":"SimGroup_","position":[-436.662872,-464.326172,-319.654755],"isRenderEnabled":false,"rotationMatrix":[0.99971056,-0.02405761,0,0.02405761,0.99971056,0,0,0,1],"shapeName":"/levels/ms_s2/art/shapes/objects_hr/pole_metal1.dae","useInstanceRenderData":true}
{"class":"TSStatic","persistentId":"12686844-d878-4a18-822b-766f96a58829","__parent":"SimGroup_","position":[241.355972,342.944946,-237.273468],"isRenderEnabled":false,"rotationMatrix":[0.981629789,0.16641745,0.093317613,-0.164556384,0.985988438,-0.0273499675,-0.0965615958,0.0114915306,0.995260656],"shapeName":"/levels/ms_s1/art/shapes/buildings/italy_construction_site_net.DAE","useInstanceRenderData":true}
{"class":"TSStatic","persistentId":"135df6b5-7e52-4768-8127-f8faee6160d3","__parent":"SimGroup_","position":[297.987427,-487.336975,-241.771652],"isRenderEnabled":false,"rotationMatrix":[0.998275995,-0.0278826728,-0.0516487099,0.0290855393,0.999319434,0.0226858836,0.0509810187,-0.0241490025,0.998407602],"shapeName":"/art/shapes/garage_and_dealership/Clutter/clutter_workshop_green_can.dae","useInstanceRenderData":true}
{"class":"TSStatic","persistentId":"16aeea91-803a-4c4a-8fda-1625811818bd","__parent":"SimGroup_","position":[-343.823212,114.60186,-290.752869],"isRenderEnabled":false,"rotationMatrix":[0.831446648,0.532547772,-0.158395916,-0.513378084,0.845390439,0.147505641,0.21246019,-0.0413260683,0.976295471],"shapeName":"/levels/ms_s1/art/shapes/buildings/italy_construction_site_net_folded.DAE","useInstanceRenderData":true}
{"class":"TSStatic","persistentId":"189fbe69-2bd4-4140-bd09-887b08fb4b56","__parent":"SimGroup_","position":[-348.10675,108.779114,-290.566833],"isRenderEnabled":false,"rotationMatrix":[0.0428444743,-0.999038577,-0.00928468257,0.976375341,0.0438389778,-0.211587429,0.211791039,7.4505806e-09,0.977314949],"shapeName":"/levels/ms_s1/art/shapes/buildings/italy_construction_site_net_folded.DAE","useInstanceRenderData":true}
{"class":"TSStatic","persistentId":"1b8cd573-c381-494b-9192-38d38f3d2f6c","__parent":"SimGroup_","position":[456.125336,342.169769,-148.509247],"isRenderEnabled":false,"rotationMatrix":[0.85360527,-0.514877498,0.0791152567,0.505401194,0.855363011,0.113682479,-0.126204818,-0.0570550114,0.990362108],"shapeName":"/levels/ms_s1/art/shapes/buildings/italy_construction_site_net.DAE","useInstanceRenderData":true}
{"class":"TSStatic","persistentId":"22619dab-6756-4583-a90b-4deae72a3808","__parent":"SimGroup_","position":[89.9353638,374.862732,-258.890594],"isRenderEnabled":false,"rotationMatrix":[-0.112635732,0.992756784,-0.0418045111,-0.98792845,-0.116392732,-0.102228373,-0.106353626,0.0297853164,0.993882179],"shapeName":"/levels/ms_s1/art/shapes/race/sign_checkpoint.dae","useInstanceRenderData":true}
{"class":"TSStatic","persistentId":"22784a92-8573-41c9-944f-1f81f0ca6480","__parent":"SimGroup_","position":[185.594131,223.732635,-217.207794],"isRenderEnabled":false,"rotationMatrix":[0.868341208,-0.493945181,-0.0447401516,0.491297722,0.869008243,-0.0587473698,0.0678975433,0.0290320255,0.997269809],"shapeName":"/levels/ms_s1/art/shapes/race/sign_checkpoint.dae","useInstanceRenderData":true}
{"class":"TSStatic","persistentId":"23f603e2-e411-438f-8f1c-8bb0f6d6c7d8","__parent":"SimGroup_","position":[-408.83606,-482.928253,-318.630157],"isRenderEnabled":false,"rotationMatrix":[0.900469065,-0.414392978,-0.132037401,0.391777068,0.904688597,-0.167478949,0.188854843,0.0990803838,0.976993799],"shapeName":"/art/shapes/garage_and_dealership/Clutter/clutter_workshop_fire_extinguisher.dae","useInstanceRenderData":true}
{"class":"TSStatic","persistentId":"24c5c76b-e086-40a1-a2eb-5dde602c1212","__parent":"SimGroup_","position":[290.582764,-479.680969,-241.245468],"isRenderEnabled":false,"rotationMatrix":[-0.969902873,-0.243491426,0,0.243491426,-0.969902873,0,0,0,1],"shapeName":"/levels/ms_s2/art/shapes/objects_hr/pole_metal1.dae","useInstanceRenderData":true}
{"class":"TSStatic","persistentId":"25a590b7-3b4b-4b71-9f84-c4533a1f47a8","__parent":"SimGroup_","position":[-332.873138,134.122421,-289.635986],"isRenderEnabled":false,"rotationMatrix":[0.530995488,0.84624213,0.0437968336,-0.847358406,0.529955149,0.0336351134,0.00525309145,-0.0549717061,0.998474121],"shapeName":"/levels/ms_s1/art/shapes/buildings/italy_construction_site_net.DAE","useInstanceRenderData":true}
{"class":"TSStatic","persistentId":"283a5bdf-9973-4828-b57f-a1b60a41e086","__parent":"SimGroup_","position":[182.681625,-236.237244,-217.701904],"isRenderEnabled":false,"rotationMatrix":[0.330479622,0.941051126,0.0721522272,-0.940623641,0.334678531,-0.0567225739,-0.0775266439,-0.0491224453,0.995779395],"shapeName":"/levels/ms_s1/art/shapes/buildings/italy_construction_site_net.DAE","useInstanceRenderData":true}
{"class":"TSStatic","persistentId":"28b2f95c-e77a-4f9b-937e-a59c8d725c71","__parent":"SimGroup_","position":[-430.741699,-484.396576,-319.654755],"isRenderEnabled":false,"rotationMatrix":[0.99993217,0.011648831,0,-0.011648831,0.99993217,0,0,0,1],"shapeName":"/levels/ms_s2/art/shapes/objects_hr/pole_metal1.dae","useInstanceRenderData":true}
{"class":"TSStatic","persistentId":"29dd33c4-483d-4669-910f-da6cb73f93f1","__parent":"SimGroup_","position":[-436.731049,-464.841766,-319.654755],"isRenderEnabled":false,"rotationMatrix":[0.999951482,0.00984797627,0,-0.00984797627,0.999951482,0,0,0,1],"shapeName":"/levels/ms_s2/art/shapes/objects_hr/pole_metal1.dae","useInstanceRenderData":true}
{"class":"TSStatic","persistentId":"2a052b91-2055-4fcf-afb1-4af77147d7d2","__parent":"SimGroup_","position":[-408.30957,-483.502319,-318.663391],"isRenderEnabled":false,"rotationMatrix":[-0.104406357,0.992788315,0.0589118451,-0.992062926,-0.0997903347,-0.0765051991,-0.0700746328,-0.0664318949,0.995327234],"shapeName":"/art/shapes/garage_and_dealership/garage/s_garage_workbench_02.dae","useInstanceRenderData":true}
{"class":"TSStatic","persistentId":"30566421-d5df-4f7c-b55f-37d1e5702b8f","__parent":"SimGroup_","position":[296.304413,-478.244568,-241.245468],"isRenderEnabled":false,"rotationMatrix":[-0.969902873,-0.243491426,0,0.243491426,-0.969902873,0,0,0,1],"shapeName":"/levels/ms_s2/art/shapes/objects_hr/pole_metal1.dae","useInstanceRenderData":true}
{"class":"TSStatic","persistentId":"30c7c434-4a1e-4b44-a0b7-c5c47d6f353e","__parent":"SimGroup_","position":[288.922791,-479.794495,-241.927841],"isRenderEnabled":false,"rotationMatrix":[0.975816131,0.218395665,0.00928372517,-0.218256012,0.975790143,-0.014068638,-0.0121314973,0.0117021753,0.999857962],"shapeName":"/levels/ms_s1/art/shapes/buildings/italy_construction_site_net.DAE","useInstanceRenderData":true}
{"class":"TSStatic","persistentId":"31ec2f1b-f027-4bce-9dd2-808cb154d88a","__parent":"SimGroup_","position":[-312.028656,193.646744,-288.068848],"isRenderEnabled":false,"rotationMatrix":[0.542631984,0.838826239,-0.0438291207,-0.83996433,0.541689396,-0.0321313441,-0.00321085192,0.0542503968,0.998522222],"shapeName":"/levels/ms_s1/art/shapes/buildings/italy_construction_site_net_folded.DAE","useInstanceRenderData":true}
{"class":"TSStatic","persistentId":"32b55e20-cc32-4098-89c8-d1a01dd452b1","__parent":"SimGroup_","position":[-430.829559,-464.783539,-319.654755],"isRenderEnabled":false,"rotationMatrix":[0.999951482,0.00984797627,0,-0.00984797627,0.999951482,0,0,0,1],"shapeName":"/levels/ms_s2/art/shapes/objects_hr/pole_metal1.dae","useInstanceRenderData":true}
{"class":"TSStatic","persistentId":"332cdc73-2a53-44c7-81e9-52774c036a74","__parent":"SimGroup_","position":[236.863953,341.674835,-237.731918],"isRenderEnabled":false,"rotationMatrix":[0.938751698,0.329366922,0.101304948,-0.32919234,0.944073319,-0.0189195722,-0.101870775,-0.0155880339,0.994675517],"shapeName":"/levels/ms_s1/art/shapes/buildings/italy_construction_site_net.DAE","useInstanceRenderData":true}
{"class":"TSStatic","persistentId":"33637c1d-5319-4b5b-986a-3cb2ded8e6c6","__parent":"SimGroup_","position":[-446.331085,-489.416748,-320.087708],"isRenderEnabled":false,"rotationMatrix":[0.807661951,0.589645803,0,-0.589645803,0.807661951,0,0,0,1],"shapeName":"/art/shapes/garage_and_dealership/Clutter/clutter_workshop_black_oil.dae","useInstanceRenderData":true}
{"class":"TSStatic","persistentId":"3375f69b-589d-4ba5-8e70-40c488fe23e0","__parent":"SimGroup_","position":[234.669815,340.727203,-237.95285],"isRenderEnabled":false,"rotationMatrix":[0.919567049,0.381675929,0.0933804885,-0.378748327,0.924254656,-0.0479893014,-0.104623713,0.00876167417,0.994473279],"shapeName":"/levels/ms_s1/art/shapes/buildings/italy_construction_site_net.DAE","useInstanceRenderData":true}
{"class":"TSStatic","persistentId":"3470809c-2c8f-4ffa-ac7b-0351e471efd4","__parent":"SimGroup_","position":[-260.589172,429.171967,-286.014648],"isRenderEnabled":false,"rotationMatrix":[0.0746582747,0.997166097,0.00928372703,-0.997100651,0.0747843385,-0.0140686454,-0.0147230532,-0.00820646528,0.999857962],"shapeName":"/levels/ms_s1/art/shapes/buildings/italy_construction_site_net.DAE","useInstanceRenderData":true}
{"class":"TSStatic","persistentId":"3481c7d4-386d-4c91-9fd0-7df4f8b98486","__parent":"SimGroup_","position":[-436.568604,-490.380219,-319.654755],"isRenderEnabled":false,"rotationMatrix":[0.99993217,0.011648831,0,-0.011648831,0.99993217,0,0,0,1],"shapeName":"/levels/ms_s2/art/shapes/objects_hr/pole_metal1.dae","useInstanceRenderData":true}
{"class":"TSStatic","persistentId":"35037b2e-e3b5-48bc-bbc2-751204a737ff","__parent":"SimGroup_","position":[-408.365143,-483.43103,-317.868103],"isRenderEnabled":false,"rotationMatrix":[0.12798059,0.990060985,0.0583080873,-0.98745805,0.132683337,-0.0855650529,-0.0924511477,-0.0466261432,0.994624972],"scale":[0.591918945,0.591918945,0.591918945],"shapeName":"/art/shapes/garage_and_dealership/Clutter/clutter_workshop_white_bottle.dae","useInstanceRenderData":true}
{"class":"TSStatic","persistentId":"364f213e-fb52-4985-b8c2-f27d4cc37793","__parent":"SimGroup_","position":[-433.268066,-494.365112,-320.006073],"isRenderEnabled":false,"rotationMatrix":[-0.376304746,-0.926486492,0.00423620595,0.926491141,-0.376283646,0.00501771132,-0.00305482722,0.00581299374,0.999978423],"shapeName":"/art/shapes/objects/s_metal_fence.dae","useInstanceRenderData":true}
{"class":"TSStatic","persistentId":"36bba870-74a9-4237-b9ae-2f744f7f71b3","__parent":"SimGroup_","position":[181.057297,-243.324341,-218.201599],"isRenderEnabled":false,"rotationMatrix":[0.163524032,0.984200716,0.0678866804,-0.983381748,0.168115377,-0.068536818,-0.0788667798,-0.0555511191,0.995336175],"shapeName":"/levels/ms_s1/art/shapes/buildings/italy_construction_site_net.DAE","useInstanceRenderData":true}
{"class":"TSStatic","persistentId":"37267a9b-32ea-4c8f-8faf-0dc28490fcb6","__parent":"SimGroup_","position":[-408.331299,-483.661957,-317.825256],"isRenderEnabled":false,"rotationMatrix":[-0.662539482,-0.743528128,-0.0905938148,-0.0822564065,-0.0479927063,0.995454907,-0.744496644,0.666980147,-0.0293627977],"scale":[0.591918945,0.591918945,0.591918945],"shapeName":"/art/shapes/garage_and_dealership/Clutter/clutter_workshop_white_bottle.dae","useInstanceRenderData":true}
{"class":"TSStatic","persistentId":"397311c0-a546-4197-bbcc-f3ae7a4778eb","__parent":"SimGroup_","position":[-446.966736,-478.294159,-319.654755],"isRenderEnabled":false,"rotationMatrix":[0.998397171,0.0565956831,0,-0.0565956831,0.998397171,0,0,0,1],"shapeName":"/levels/ms_s2/art/shapes/objects_hr/pole_metal1.dae","useInstanceRenderData":true}
{"class":"TSStatic","persistentId":"39b71fd9-ef98-4869-9b05-51eebc02776c","__parent":"SimGroup_","position":[-446.84079,-491.171814,-319.654755],"isRenderEnabled":false,"rotationMatrix":[0.99993217,0.011648831,0,-0.011648831,0.99993217,0,0,0,1],"shapeName":"/levels/ms_s2/art/shapes/objects_hr/pole_metal1.dae","useInstanceRenderData":true}
{"class":"TSStatic","persistentId":"3c8d9bce-6f88-4c37-894e-2f7f23736c71","__parent":"SimGroup_","position":[246.086319,343.55719,-236.821259],"isRenderEnabled":false,"rotationMatrix":[0.994481921,0.0646585822,0.0826137438,-0.0631561875,0.997789502,-0.0206740741,-0.0837678835,0.0153424237,0.996367157],"shapeName":"/levels/ms_s1/art/shapes/buildings/italy_construction_site_net.DAE","useInstanceRenderData":true}
{"class":"TSStatic","persistentId":"4132cdeb-a68d-484a-9e42-40f4060e86a2","__parent":"SimGroup_","position":[-419.534485,-496.247375,-319.906006],"isRenderEnabled":false,"rotationMatrix":[0.0956932902,-0.99473381,-0.0367079414,0.995365024,0.095269978,0.0131174689,-0.00955122616,-0.0377930552,0.999239922],"shapeName":"/art/shapes/objects/s_metal_fence.dae","useInstanceRenderData":true}
{"class":"TSStatic","persistentId":"41be8c8f-8865-4ece-8ba7-c4673ba1c732","__parent":"SimGroup_","position":[296.300903,-480.440369,-241.706558],"isRenderEnabled":false,"rotationMatrix":[0.277301311,-0.960782945,0,0.960782945,0.277301311,0,0,0,1],"shapeName":"/art/shapes/garage_and_dealership/garage/s_garage_workbench_02.dae","useInstanceRenderData":true}
{"class":"TSStatic","persistentId":"44062e41-4ad6-4ca9-8f79-3b0ab420ca96","__parent":"SimGroup_","position":[230.747894,338.257355,-238.380066],"isRenderEnabled":false,"rotationMatrix":[-0.649219275,-0.756660819,-0.0773209631,0.755433679,-0.653297901,0.050215669,-0.0885098577,-0.0258098692,0.995740831],"shapeName":"/levels/ms_s1/art/shapes/buildings/italy_construction_site_net_folded.DAE","useInstanceRenderData":true}
{"class":"TSStatic","persistentId":"466900e5-fda3-4256-af97-97ae0d3b1c6e","__parent":"SimGroup_","position":[-224.090668,466.606873,-283.641113],"isRenderEnabled":false,"rotationMatrix":[-0.924771309,0.371900618,0.080546923,-0.37458849,-0.926958561,-0.0207601376,0.0669429675,-0.0493703298,0.996534586],"shapeName":"/levels/ms_s1/art/shapes/race/sign_checkpoint.dae","useInstanceRenderData":true}
{"class":"TSStatic","persistentId":"47748ff2-9b7e-4946-8a4f-164d66713aa4","__parent":"SimGroup_","position":[-430.535461,-483.563232,-319.654755],"isRenderEnabled":false,"rotationMatrix":[0.997385502,0.0722642988,0,-0.0722642988,0.997385502,0,0,0,1],"shapeName":"/levels/ms_s2/art/shapes/objects_hr/pole_metal1.dae","useInstanceRenderData":true}
{"class":"TSStatic","persistentId":"486de26a-ae0d-43b0-922a-682610fb71a4","__parent":"SimGroup_","position":[190.655884,219.450287,-217.33255],"isRenderEnabled":false,"rotationMatrix":[0.617986381,-0.774275839,-0.136343449,0.770660341,0.630898952,-0.0897164121,0.1554842,-0.0496309921,0.986590803],"shapeName":"/levels/ms_s1/art/shapes/race/sign_checkpoint.dae","useInstanceRenderData":true}
{"class":"TSStatic","persistentId":"49bb0e7e-7267-497d-8a2f-c5c96584cd15","__parent":"SimGroup_","position":[-440.941986,-491.103119,-319.654755],"isRenderEnabled":false,"rotationMatrix":[0.99993217,0.011648831,0,-0.011648831,0.99993217,0,0,0,1],"shapeName":"/levels/ms_s2/art/shapes/objects_hr/pole_metal1.dae","useInstanceRenderData":true}
{"class":"TSStatic","persistentId":"4b64cb49-bbe1-4e9a-a34c-00c09b34a45e","__parent":"SimGroup_","position":[265.686096,-186.757812,-205.731308],"isRenderEnabled":false,"rotationMatrix":[-0.219826698,-0.95665282,-0.191027805,0.957830846,-0.248798609,0.143733248,-0.185030267,-0.151375905,0.971004188],"shapeName":"/levels/ms_s1/art/shapes/buildings/italy_construction_site_net.DAE","useInstanceRenderData":true}
{"class":"TSStatic","persistentId":"4c648c0a-32ec-46b8-a54a-9dc0e144608c","__parent":"SimGroup_","position":[-260.382965,431.547089,-286.005219],"isRenderEnabled":false,"rotationMatrix":[0.410121143,0.912000895,-0.00742841605,-0.911392689,0.409515679,-0.040748924,-0.0341209956,0.0234822035,0.999141812],"shapeName":"/levels/ms_s1/art/shapes/buildings/italy_construction_site_net.DAE","useInstanceRenderData":true}
{"class":"TSStatic","persistentId":"4cbbcc5e-75e3-41a2-8a2d-b62eca41aaf7","__parent":"SimGroup_","position":[-314.523773,225.697495,-288.25473],"isRenderEnabled":false,"rotationMatrix":[-0.279295683,-0.960203528,0.00174097903,0.95948863,-0.279156804,-0.0381168574,0.0370859504,-0.00897542387,0.99927175],"shapeName":"/levels/ms_s1/art/shapes/buildings/italy_construction_site_net.DAE","useInstanceRenderData":true}
{"class":"TSStatic","persistentId":"4cf2ecbb-7769-4cfe-88e4-d01626eb1c46","__parent":"SimGroup_","position":[239.080536,342.397766,-237.479095],"isRenderEnabled":false,"rotationMatrix":[0.964834213,0.248821273,0.0847519785,-0.246433422,0.968425155,-0.0377264395,-0.091463089,0.0155140366,0.995687604],"shapeName":"/levels/ms_s1/art/shapes/buildings/italy_construction_site_net.DAE","useInstanceRenderData":true}
{"class":"TSStatic","persistentId":"4eeed032-6ff4-49c2-aeea-c54fafc7c096","__parent":"SimGroup_","position":[461.536224,337.49292,-148.055405],"isRenderEnabled":false,"rotationMatrix":[0.683233738,-0.7291857,0.0384698026,0.722596049,0.682763338,0.108116396,-0.105102688,-0.0460706428,0.99339366],"shapeName":"/levels/ms_s1/art/shapes/buildings/italy_construction_site_net_folded.DAE","useInstanceRenderData":true}
{"class":"TSStatic","persistentId":"4f60a62b-6341-4e2e-8344-20cf06bac421","__parent":"SimGroup_","position":[451.520782,342.793854,-149.01265],"isRenderEnabled":false,"rotationMatrix":[0.993840873,0.0193691999,0.109110512,-0.0169027708,0.999581277,-0.0234846696,-0.109519713,0.0214957558,0.993752182],"shapeName":"/levels/ms_s1/art/shapes/buildings/italy_construction_site_net.DAE","useInstanceRenderData":true}
{"class":"TSStatic","persistentId":"4fd4abc6-f78a-4008-919f-225e2ca7888f","__parent":"SimGroup_","position":[-217.268829,464.053558,-283.77179],"isRenderEnabled":false,"rotationMatrix":[-0.987487555,0.138875753,-0.0747117177,-0.140684187,-0.98986268,0.0194874965,-0.0712480024,0.0297544152,0.997014761],"shapeName":"/levels/ms_s1/art/shapes/race/sign_checkpoint.dae","useInstanceRenderData":true}
{"class":"TSStatic","persistentId":"50cd5c39-3701-4593-b4fb-f30d3180e3e2","__parent":"SimGroup_","position":[-315.563293,56.8059731,-288.025421],"isRenderEnabled":false,"rotationMatrix":[0.554047465,-0.80664885,0.205788672,0.827609897,0.560422063,-0.0314462408,-0.0899624303,0.187735468,0.978091061],"shapeName":"/levels/ms_s1/art/shapes/race/sign_checkpoint.dae","useInstanceRenderData":true}
{"class":"TSStatic","persistentId":"515deba5-c352-42b5-b5a6-bf748afcdbbe","__parent":"SimGroup_","position":[286.631714,-480.441528,-241.939041],"isRenderEnabled":false,"rotationMatrix":[-0.999493361,0.031820558,0,-0.031820558,-0.999493361,0,0,0,1],"shapeName":"/levels/ms_s1/art/shapes/buildings/italy_construction_site_net_folded.DAE","useInstanceRenderData":true}
{"class":"TSStatic","persistentId":"5213569e-1337-4c05-a61a-1dab494d1423","__parent":"SimGroup_","position":[-286.455811,-67.9124603,-285.815186],"isRenderEnabled":false,"rotationMatrix":[-0.41558671,0.894254744,0.166120201,-0.908689439,-0.416167378,-0.0329858586,0.0396360457,-0.164660186,0.985553682],"shapeName":"/levels/ms_s1/art/shapes/race/sign_checkpoint.dae","useInstanceRenderData":true}
{"class":"TSStatic","persistentId":"53e10ce9-3eee-4bdc-9365-b3abdc13a46f","__parent":"SimGroup_","position":[181.441193,-240.990784,-218.043579],"isRenderEnabled":false,"rotationMatrix":[0.233419716,0.969288647,0.0774255395,-0.97071141,0.236937404,-0.03974865,-0.0568729192,-0.0658797473,0.996205449],"shapeName":"/levels/ms_s1/art/shapes/buildings/italy_construction_site_net.DAE","useInstanceRenderData":true}
{"class":"TSStatic","persistentId":"53e23fdf-5057-49e9-8a4b-59283ca6a70d","__parent":"SimGroup_","position":[265.881836,-184.4888,-205.381165],"isRenderEnabled":false,"rotationMatrix":[-0.0867238045,-0.985317588,-0.147065669,0.974322319,-0.114676952,0.193765834,-0.207785904,-0.126485273,0.96996212],"shapeName":"/levels/ms_s1/art/shapes/buildings/italy_construction_site_net.DAE","useInstanceRenderData":true}
{"class":"TSStatic","persistentId":"55129e27-26f5-4afc-bfb4-961ba5319d7d","__parent":"SimGroup_","position":[91.5117264,368.886078,-258.645386],"isRenderEnabled":false,"rotationMatrix":[-0.368936658,0.908078849,-0.198186994,-0.928970873,-0.367140412,0.0471216738,-0.0299723074,0.201494917,0.979030848],"shapeName":"/levels/ms_s1/art/shapes/race/sign_checkpoint.dae","useInstanceRenderData":true}
{"class":"TSStatic","persistentId":"56a99de6-d4cb-463d-9009-d4d963f4dad2","__parent":"SimGroup_","position":[-279.851318,-76.7556915,-285.750427],"isRenderEnabled":false,"rotationMatrix":[-0.607934833,0.784219027,-0.124161594,-0.793984056,-0.600892782,0.0922906473,-0.00223170966,0.154688999,0.987960696],"shapeName":"/levels/ms_s1/art/shapes/race/sign_checkpoint.dae","useInstanceRenderData":true}
{"class":"TSStatic","persistentId":"570a787f-a922-4946-8b48-f00dc4933253","__parent":"SimGroup_","position":[294.158905,-481.830505,-238.697708],"isRenderEnabled":false,"rotationMatrix":[-0.969902873,-0.243491426,0,0.243491426,-0.969902873,0,0,0,1],"shapeName":"/levels/ms_s2/art/shapes/objects_hr/gazebo_striped_blue.dae","useInstanceRenderData":true}
{"class":"TSStatic","persistentId":"575bea30-7adf-4622-af86-0fe0d1107ecc","__parent":"SimGroup_","position":[297.696503,-487.350677,-241.769302],"isRenderEnabled":false,"rotationMatrix":[-0.691841602,-0.722048998,0,0.722048998,-0.691841602,0,0,0,1],"shapeName":"/art/shapes/garage_and_dealership/Clutter/plastic_can_small.DAE","useInstanceRenderData":true}
{"class":"TSStatic","persistentId":"578ecc78-c1cf-49dc-bb6c-8b6b29284a2a","__parent":"SimGroup_","position":[296.301971,-478.256226,-241.918655],"isRenderEnabled":false,"rotationMatrix":[0.810445964,-0.585813344,0,0.585813344,0.810445964,0,0,0,1],"shapeName":"/levels/ms_s1/art/shapes/buildings/italy_construction_site_net_rolled.DAE","useInstanceRenderData":true}
{"class":"TSStatic","persistentId":"584add2e-4d04-4bfe-8260-5efb38f1bf3f","__parent":"SimGroup_","position":[183.465347,-233.988129,-217.547241],"isRenderEnabled":false,"rotationMatrix":[0.317641497,0.945260704,0.0747394562,-0.943714917,0.322818398,-0.0720434338,-0.0922271013,-0.0476487763,0.994597256],"shapeName":"/levels/ms_s1/art/shapes/buildings/italy_construction_site_net.DAE","useInstanceRenderData":true}
{"class":"TSStatic","persistentId":"59abece1-cdbe-4db5-b477-2479a70c65fd","__parent":"SimGroup_","position":[183.76236,171.612808,-210.512436],"isRenderEnabled":false,"rotationMatrix":[-0.709690809,0.687139809,-0.155492261,-0.681094944,-0.725613356,-0.097953558,-0.180135056,0.0363882482,0.982968569],"shapeName":"/levels/ms_s1/art/shapes/buildings/italy_construction_site_net.DAE","useInstanceRenderData":true}
{"class":"TSStatic","persistentId":"5a58cc3c-d1e1-4a1e-a4a1-459fa5c6df2c","__parent":"SimGroup_","position":[-436.852234,-478.090088,-319.654755],"isRenderEnabled":false,"rotationMatrix":[0.997385502,0.0722642988,0,-0.0722642988,0.997385502,0,0,0,1],"shapeName":"/levels/ms_s2/art/shapes/objects_hr/pole_metal1.dae","useInstanceRenderData":true}
{"class":"TSStatic","persistentId":"5a71573a-1fe2-42c7-b87a-cbe232364dad","__parent":"SimGroup_","position":[194.402039,167.069473,-208.498886],"isRenderEnabled":false,"rotationMatrix":[-0.97904408,0.114038162,-0.168723404,-0.111611806,-0.99346602,-0.0238268897,-0.170338184,-0.00449605566,0.985375404],"shapeName":"/levels/ms_s1/art/shapes/buildings/italy_construction_site_net.DAE","useInstanceRenderData":true}
{"class":"TSStatic","persistentId":"5c25b9a5-a2de-4a79-a8e3-f3045d09f399","__parent":"SimGroup_","position":[292.026031,-485.417572,-241.245468],"isRenderEnabled":false,"rotationMatrix":[-0.969902873,-0.243491426,0,0.243491426,-0.969902873,0,0,0,1],"shapeName":"/levels/ms_s2/art/shapes/objects_hr/pole_metal1.dae","useInstanceRenderData":true}
{"class":"TSStatic","persistentId":"5f1f8ede-fdcf-40e2-8f0d-c80cbda589c6","__parent":"SimGroup_","position":[-447.048279,-464.789062,-319.654755],"isRenderEnabled":false,"rotationMatrix":[0.999876022,-0.015746193,0,0.015746193,0.999876022,0,0,0,1],"shapeName":"/levels/ms_s2/art/shapes/objects_hr/pole_metal1.dae","useInstanceRenderData":true}
{"class":"TSStatic","persistentId":"5ff7a2ce-b7e4-4517-9e88-92bfd2ae702e","__parent":"SimGroup_","position":[182.092499,173.208878,-210.898895],"isRenderEnabled":false,"rotationMatrix":[-0.709699392,0.682089567,-0.176296502,-0.67938149,-0.728847265,-0.0849843845,-0.186460197,0.0594592169,0.980661631],"shapeName":"/levels/ms_s1/art/shapes/buildings/italy_construction_site_net_folded.DAE","useInstanceRenderData":true}
{"class":"TSStatic","persistentId":"607c51dc-4910-4ae9-8cfb-66f26e53dfcc","__parent":"SimGroup_","position":[-418.031158,-482.679962,-318.804443],"collisionType":"None","decalType":"None","isRenderEnabled":false,"rotationMatrix":[-0.998704314,-0.0504539199,0.00665819272,0.0493180119,-0.991789937,-0.117986672,0.0125564169,-0.117505409,0.992992878],"scale":[0.522900343,0.522900343,0.522900343],"shapeName":"/art/shapes/objects/s_standinglight_01.dae","useInstanceRenderData":true}
{"class":"TSStatic","persistentId":"62789268-4cde-4b1f-9ddc-a59355486a77","__parent":"SimGroup_","position":[-433.686432,-480.828156,-317.106995],"isRenderEnabled":false,"rotationMatrix":[0.997385502,0.0722642988,0,-0.0722642988,0.997385502,0,0,0,1],"shapeName":"/levels/ms_s2/art/shapes/objects_hr/gazebo_black.dae","useInstanceRenderData":true}
{"class":"TSStatic","persistentId":"63ae6076-9a53-4fc8-a08e-b11c487564ec","__parent":"SimGroup_","position":[180.500092,-248.153778,-218.503448],"isRenderEnabled":false,"rotationMatrix":[0.0757876635,0.995681643,0.0536110401,-0.995106101,0.0789435506,-0.0594266504,-0.0634022728,-0.0488448814,0.996792018],"shapeName":"/levels/ms_s1/art/shapes/buildings/italy_construction_site_net.DAE","useInstanceRenderData":true}
{"class":"TSStatic","persistentId":"64a78f0c-1177-4f51-ba2a-9a7f5558867a","__parent":"SimGroup_","position":[444.955444,340.763763,-149.890671],"isRenderEnabled":false,"rotationMatrix":[-0.766790509,-0.631372035,-0.115763508,0.632311285,-0.774005532,0.0331284292,-0.110517986,-0.0477960072,0.99272418],"shapeName":"/levels/ms_s1/art/shapes/buildings/italy_construction_site_net_folded.DAE","useInstanceRenderData":true}
{"class":"TSStatic","persistentId":"67a2b3a0-4e83-4044-a540-2ecda4a77fe2","__parent":"SimGroup_","position":[-441.074432,-477.960083,-319.654755],"isRenderEnabled":false,"rotationMatrix":[0.998397171,0.0565956831,0,-0.0565956831,0.998397171,0,0,0,1],"shapeName":"/levels/ms_s2/art/shapes/objects_hr/pole_metal1.dae","useInstanceRenderData":true}
{"class":"TSStatic","persistentId":"68d8e405-3015-4079-a449-16fceec13f30","__parent":"SimGroup_","position":[-312.584442,191.328735,-288.107666],"isRenderEnabled":false,"rotationMatrix":[0.286350191,0.957886994,0.0213521682,-0.951095879,0.286873341,-0.114542775,-0.115844414,0.0124913678,0.993188798],"shapeName":"/levels/ms_s1/art/shapes/buildings/italy_construction_site_net.DAE","useInstanceRenderData":true}
{"class":"TSStatic","persistentId":"69813388-eb1f-4c54-b8e3-e14acf8e993a","__parent":"SimGroup_","position":[-444.047974,-461.880341,-317.106995],"isRenderEnabled":false,"rotationMatrix":[0.999876022,-0.015746193,0,0.015746193,0.999876022,0,0,0,1],"shapeName":"/levels/ms_s2/art/shapes/objects_hr/gazebo_striped_red.dae","useInstanceRenderData":true}
{"class":"TSStatic","persistentId":"6af522d7-5a9e-466b-a106-4f0894d80934","__parent":"SimGroup_","position":[196.796097,167.242203,-208.079742],"isRenderEnabled":false,"rotationMatrix":[-0.981966615,-0.0716295913,-0.174959555,0.0735247359,-0.997283816,-0.00436556991,-0.174171641,-0.0171507001,0.984565914],"shapeName":"/levels/ms_s1/art/shapes/buildings/italy_construction_site_net.DAE","useInstanceRenderData":true}
