{"class":"DecalRoad","persistentId":"0343629e-6961-4d4a-8fdc-dedd89ffb8ca","__parent":"SimGroup_","position":[-318.312866,50.4446602,-288.127747],"improvedSpline":true,"material":"track_rubber","nodes":[[-318.312866,50.4446602,-288.127747,4],[-310.149933,50.4692497,-287.884247,4],[-301.672607,53.6504707,-287.593628,4]],"startEndFade":[10,10],"textureLength":50}
{"class":"DecalRoad","persistentId":"08277a6e-de15-42d8-9795-910b0d9f0c3c","__parent":"SimGroup_","position":[-417.27829,-481.914307,-318.711456],"improvedSpline":true,"material":"track_rubber","nodes":[[-417.27829,-481.914307,-318.711456,6],[-415.185883,-464.350677,-316.898193,6],[-410.028503,-448.916473,-315.05069,6],[-398.576477,-434.091278,-313.190247,6],[-388.245239,-423.778229,-312.143982,6],[-383.261536,-416.072449,-311.391632,6],[-381.949982,-403.544312,-311.571289,6],[-386.459076,-388.271912,-312.858551,6]],"startEndFade":[50,50],"textureLength":100}
{"class":"DecalRoad","persistentId":"097fb0a7-aa29-4938-b8bc-2ef6c3a6afb4","__parent":"SimGroup_","position":[-365.743439,18.3601265,-289.956665],"improvedSpline":true,"material":"track_rubber","nodes":[[-365.743439,18.3601265,-289.956665,4],[-357.245483,28.4678822,-289.666992,4],[-349.481262,33.8403206,-289.39328,4],[-339.493439,36.0780106,-289.028839,4],[-331.737854,39.0811462,-288.66745,4]],"startEndFade":[10,10],"textureLength":50}
{"class":"DecalRoad","persistentId":"099cdc4b-b8f1-4cd6-b53c-2b6b9a8dfcea","__parent":"SimGroup_","position":[-332.399597,39.036026,-288.691376],"improvedSpline":true,"material":"track_rubber","nodes":[[-332.399597,39.036026,-288.691376,4],[-328.34317,42.0389824,-288.523468,4],[-321.562256,50.0980453,-288.21936,4],[-313.286346,50.9246216,-287.976471,4]],"startEndFade":[10,10],"textureLength":100}
{"class":"DecalRoad","persistentId":"128ecc23-04ed-40c4-ad50-4dd2e648d010","__parent":"SimGroup_","position":[-370.382385,12.9326096,-290.11026],"improvedSpline":true,"material":"track_rubber","nodes":[[-370.382385,12.9326096,-290.11026,6],[-386.42572,0.767068982,-290.716827,6],[-399.487915,-2.41028404,-291.289886,6],[-407.160126,3.69934702,-291.776947,6],[-407.959381,15.8891144,-292.177185,6],[-400.245331,29.7163506,-292.121887,6],[-384.613647,57.8659096,-291.636017,6]],"startEndFade":[5,50],"textureLength":100}
{"class":"DecalRoad","persistentId":"2e88b1af-911d-4185-9eea-ac331e8a5ffa","__parent":"SimGroup_","position":[-201.800598,-12.7607603,-284.851044],"improvedSpline":true,"material":"track_rubber","nodes":[[-201.800598,-12.7607603,-284.851044,6],[-190.92041,-0.222324997,-284.725769,6],[-174.995651,11.6611319,-284.358398,6],[-166.098404,23.6092205,-283.583466,6],[-160.203278,41.0790863,-281.881165,6],[-160.064026,58.5724106,-279.22168,6]],"startEndFade":[50,50],"textureLength":100}
{"class":"DecalRoad","persistentId":"2f8da1db-60cf-435d-92e9-09cc16e728c7","__parent":"SimGroup_","position":[-351.945679,111.070602,-289.736542],"improvedSpline":true,"material":"track_rubber","nodes":[[-351.945679,111.070602,-289.736542,4],[-350.518311,118.30603,-289.61676,4],[-346.75354,125.249512,-289.458771,4],[-339.553528,129.49823,-289.261169,4]],"startEndFade":[10,10],"textureLength":100}
{"class":"DecalRoad","persistentId":"31312856-fae5-4876-9d9f-e2c53906df01","__parent":"SimGroup_","position":[-458.629028,-202.230057,-312.971252],"improvedSpline":true,"material":"track_rubber","nodes":[[-458.629028,-202.230057,-312.971252,4],[-461.936096,-193.318756,-313.271301,4],[-474.538574,-179.882584,-312.818481,4]],"startEndFade":[10,10],"textureLength":100}
{"class":"DecalRoad","persistentId":"3393324d-e008-4d8e-93ac-d351de0ace65","__parent":"SimGroup_","position":[-412.259491,-493.160797,-319.69162],"improvedSpline":true,"material":"track_rubber","nodes":[[-412.259491,-493.160797,-319.69162,4],[-414.845612,-469.438324,-317.368561,4],[-413.756042,-456.79425,-316.168396,4]],"startEndFade":[1,10],"textureLength":50}
{"class":"DecalRoad","persistentId":"34311003-2fca-4970-b78d-e5e353005e5d","__parent":"SimGroup_","position":[-365.521393,496.686615,-293.654144],"improvedSpline":true,"material":"track_rubber","nodes":[[-365.521393,496.686615,-293.654144,6],[-355.828339,495.222595,-293.13028,6],[-343.024475,485.918152,-291.732941,6],[-328.343506,477.650818,-290.078156,6]],"startEndFade":[10,1],"textureLength":100}
{"class":"DecalRoad","persistentId":"42bc0b53-277f-4d2d-9f4e-28cef41356cd","__parent":"SimGroup_","position":[-466.484436,-195.699783,-313.218811],"improvedSpline":true,"material":"track_rubber","nodes":[[-466.484436,-195.699783,-313.218811,6],[-481.129547,-171.57074,-312.136536,6],[-485.7948,-154.429184,-309.444366,6],[-483.973206,-138.597763,-306.564301,6],[-474.653168,-123.530411,-303.469147,6],[-456.346527,-112.164955,-300.85141,6],[-445.718384,-108.88974,-299.778625,6]],"startEndFade":[50,50],"textureLength":100}
{"class":"DecalRoad","persistentId":"46644f70-e087-413d-8479-cccd1554bfec","__parent":"SimGroup_","position":[-436.099182,-236.985443,-311.405853],"improvedSpline":true,"material":"track_rubber","nodes":[[-436.099182,-236.985443,-311.405853,4],[-441.526367,-223.665878,-311.790466,4],[-450.224823,-213.944244,-312.396545,4]],"startEndFade":[10,10],"textureLength":100}
{"class":"DecalRoad","persistentId":"48d3e7ae-31e1-4acc-928f-02753f6c54bc","__parent":"SimGroup_","position":[-438.003021,-229.499329,-311.584015],"improvedSpline":true,"material":"track_rubber","nodes":[[-438.003021,-229.499329,-311.584015,4],[-445.729034,-218.313919,-312.066559,4],[-453.069885,-213.272949,-312.481842,4],[-457.534668,-206.73938,-312.799713,4]],"startEndFade":[10,10],"textureLength":50}
{"class":"DecalRoad","persistentId":"50e8cfe0-fbfc-4014-bc1a-a53dd77704be","__parent":"SimGroup_","position":[-446.055359,-217.640976,-312.114655],"improvedSpline":true,"material":"track_rubber","nodes":[[-446.055359,-217.640976,-312.114655,4],[-452.708344,-213.66684,-312.460999,4],[-456.744568,-208,-312.74353,4],[-458.654785,-198.976135,-313.114197,4]],"startEndFade":[10,10],"textureLength":100}
{"class":"DecalRoad","persistentId":"520a336c-3389-48b6-a68c-4871413863dc","__parent":"SimGroup_","position":[-457.477844,-206.959656,-312.793823],"improvedSpline":true,"material":"track_rubber","nodes":[[-457.477844,-206.959656,-312.793823,4],[-458.891479,-199.480255,-313.080658,4],[-462.959991,-192.242218,-313.272491,4],[-467.939545,-186.249634,-313.163696,4]],"startEndFade":[10,10],"textureLength":50}
{"class":"DecalRoad","persistentId":"55d33150-b0d0-46fe-bd7e-23cade938813","__parent":"SimGroup_","position":[-346.323395,124.943527,-289.455536],"improvedSpline":true,"material":"track_rubber","nodes":[[-346.323395,124.943527,-289.455536,4],[-336.923706,133.24823,-289.137207,4],[-332.257751,141.446136,-288.837921,4],[-328.687439,150.492294,-288.578766,4]],"startEndFade":[10,10],"textureLength":50}
{"class":"DecalRoad","persistentId":"5d65b79c-52f6-4f56-ad39-4639ce412c5e","__parent":"SimGroup_","position":[-169.886841,208.087219,-281.803253],"improvedSpline":true,"material":"track_rubber","nodes":[[-169.886841,208.087219,-281.803253,6],[-169.647003,191.255524,-281.45108,6],[-162.666199,164.270294,-281.138855,6],[-157.371674,139.636261,-280.81778,6],[-160.233963,119.662102,-279.94928,6],[-163.480545,104.63327,-279.648315,6],[-163.840881,81.5382919,-278.786011,6]],"startEndFade":[50,50],"textureLength":100}
{"class":"DecalRoad","persistentId":"6320b02a-d423-4672-92c5-6a155347c642","__parent":"SimGroup_","position":[-346.323395,124.943527,-289.455536],"improvedSpline":true,"material":"track_rubber","nodes":[[-346.323395,124.943527,-289.455536,4],[-338.224091,131.021881,-289.221558,4],[-332.257751,141.446136,-288.837921,4],[-327.409241,154.56958,-288.498962,4]],"startEndFade":[10,10],"textureLength":100}
{"class":"DecalRoad","persistentId":"73cfec46-a877-48d5-aba5-b51a51f79f07","__parent":"SimGroup_","position":[-374.688049,-102.872711,-290.233154],"improvedSpline":true,"material":"track_rubber","nodes":[[-374.688049,-102.872711,-290.233154,6],[-352.823242,-105.05957,-288.29071,6],[-330.717651,-104.193443,-286.709717,6],[-313.484009,-98.550827,-286.330536,6],[-295.401672,-85.7534866,-286.233765,6]],"startEndFade":[50,50],"textureLength":100}
{"class":"DecalRoad","persistentId":"7e882318-4f31-4e25-807e-73a837c829a8","__parent":"SimGroup_","position":[-363.232483,90.1792221,-290.347412],"improvedSpline":true,"material":"track_rubber","nodes":[[-363.232483,90.1792221,-290.347412,4],[-354.119537,105.708122,-289.843048,4],[-350.211548,116.652603,-289.637299,4]],"startEndFade":[10,10],"textureLength":50}
{"class":"DecalRoad","persistentId":"82782a04-590a-431e-adcf-7f99e1ce5632","__parent":"SimGroup_","position":[-365.18988,91.1860199,-290.353851],"improvedSpline":true,"material":"track_rubber","nodes":[[-365.18988,91.1860199,-290.353851,4],[-354.534729,105.017784,-289.858826,4],[-351.408447,116.178841,-289.653656,4]],"startEndFade":[10,10],"textureLength":100}
{"class":"DecalRoad","persistentId":"83696930-5bf4-44a2-a723-66b307b0bcc9","__parent":"SimGroup_","position":[-413.166962,-494.068115,-319.746979],"improvedSpline":true,"material":"track_rubber","nodes":[[-413.166962,-494.068115,-319.746979,6],[-415.753082,-470.345642,-317.458527,6],[-415.527039,-459.282379,-316.44342,6]],"startEndFade":[1,10],"textureLength":100}
{"class":"DecalRoad","persistentId":"9042b091-bfe3-4469-8ccb-8a9be47222d9","__parent":"SimGroup_","position":[-436.099182,-236.985443,-311.405853],"improvedSpline":true,"material":"track_rubber","nodes":[[-436.099182,-236.985443,-311.405853,4],[-441.526367,-223.665878,-311.790466,4],[-450.224823,-213.944244,-312.396545,4]],"startEndFade":[10,10],"textureLength":100}
{"class":"DecalRoad","persistentId":"9834a06c-9e93-4e55-9440-d47f427061e5","__parent":"SimGroup_","position":[-318.312866,50.4446602,-288.127747],"improvedSpline":true,"material":"track_rubber","nodes":[[-318.312866,50.4446602,-288.127747,4],[-309.62204,50.6641083,-287.866638,4],[-301.65683,54.584877,-287.581573,4],[-285.473846,60.052433,-286.977356,4]],"startEndFade":[10,10],"textureLength":100}
{"class":"DecalRoad","persistentId":"9d6da759-41ed-4e19-a119-a4430611f673","__parent":"SimGroup_","position":[-352.393768,110.281754,-289.75116],"improvedSpline":true,"material":"track_rubber","nodes":[[-352.393768,110.281754,-289.75116,4],[-350.747101,117.643639,-289.626221,4],[-346.145416,125.462143,-289.440033,4],[-339.228699,131.072739,-289.212585,4]],"startEndFade":[10,10],"textureLength":50}
{"class":"DecalRoad","persistentId":"a8c56f3a-f3d8-416c-930b-3673a3836c15","__parent":"SimGroup_","position":[-458.629028,-202.230057,-312.971252],"improvedSpline":true,"material":"track_rubber","nodes":[[-458.629028,-202.230057,-312.971252,4],[-461.936096,-193.318756,-313.271301,4],[-474.538574,-179.882584,-312.818481,4]],"startEndFade":[10,10],"textureLength":100}
{"class":"DecalRoad","persistentId":"b2f2ea94-796a-4f80-ba51-e51579369aba","__parent":"SimGroup_","position":[-396.112885,37.4264832,-292.004242],"improvedSpline":true,"material":"track_rubber","nodes":[[-396.112885,37.4264832,-292.004242,6],[-405.523529,19.7668133,-292.201477,6],[-409.155212,8.25255013,-291.971497,6],[-406.289307,-0.252375007,-291.62027,6],[-396.670898,-3.41554499,-291.172333,6],[-385.067413,0.379574001,-290.684204,6],[-369.684998,16.6969509,-290.049805,6],[-355.708496,27.2538471,-289.657959,6],[-342.426544,33.7830696,-289.190613,6]],"startEndFade":[30,30],"textureLength":100}
{"class":"DecalRoad","persistentId":"b7b05678-e842-435a-af9e-105eeec506e2","__parent":"SimGroup_","position":[-457.477844,-206.959656,-312.793823],"improvedSpline":true,"material":"track_rubber","nodes":[[-457.477844,-206.959656,-312.793823,4],[-458.891479,-199.480255,-313.080658,4],[-462.959991,-192.242218,-313.272491,4],[-467.939545,-186.249634,-313.163696,4]],"startEndFade":[10,10],"textureLength":50}
{"class":"DecalRoad","persistentId":"bd6d23e9-da48-4d9a-b532-5e0cbdcd067a","__parent":"SimGroup_","position":[-193.853836,-3.28646302,-284.761719],"improvedSpline":true,"material":"track_rubber","nodes":[[-193.853836,-3.28646302,-284.761719,6],[-210.643051,-25.3731136,-284.956421,6],[-222.447678,-44.6928329,-285.092438,6],[-232.945282,-53.7361946,-285.241028,6],[-250.080994,-59.6686363,-285.516815,6],[-270.52475,-66.1941147,-285.848114,6]],"startEndFade":[50,50],"textureLength":100}
{"class":"DecalRoad","persistentId":"c42bc908-66c4-4caa-bafe-4533ae88359c","__parent":"SimGroup_","position":[-194.314835,180.330231,-285.062897],"improvedSpline":true,"material":"track_rubber","nodes":[[-194.314835,180.330231,-285.062897,6],[-193.789398,195.43367,-285.124695,6],[-193.602829,222.370377,-284.738037,6],[-186.8078,232.630905,-284.098999,6],[-177.580063,234.717178,-283.16507,6],[-169.752487,228.67189,-282.169281,6],[-166.962997,212.950256,-281.847992,6],[-169.431702,193.301559,-281.517578,6],[-167.873993,179.113876,-281.093933,6],[-164.772995,168.258667,-281.120514,6]],"startEndFade":[50,50],"textureLength":100}
{"class":"DecalRoad","persistentId":"d2a90521-72c2-4fc5-8045-6ceca3c71bdb","__parent":"SimGroup_","position":[-167.921463,207.430969,-281.793945],"improvedSpline":true,"material":"track_rubber","nodes":[[-167.921463,207.430969,-281.793945,6],[-166.996063,223.263519,-281.886963,6],[-174.418121,233.664627,-282.763885,6],[-186.183151,233.062347,-284.048828,6],[-193.60141,220.976578,-284.791016,6],[-194.09024,203.490997,-285.118713,6]],"startEndFade":[50,50],"textureLength":100}
{"class":"DecalRoad","persistentId":"e07556e9-3cb8-48cc-987b-a2b0c18c24c8","__parent":"SimGroup_","position":[-446.055359,-217.640976,-312.114655],"improvedSpline":true,"material":"track_rubber","nodes":[[-446.055359,-217.640976,-312.114655,4],[-452.708344,-213.66687,-312.460999,4],[-456.744568,-208.000031,-312.74353,4],[-458.654785,-198.976196,-313.114197,4]],"startEndFade":[10,10],"textureLength":100}
{"class":"DecalRoad","persistentId":"e6e843ad-a483-4182-8bfc-42dde04595fe","__parent":"SimGroup_","position":[-292.6987,458.064423,-287.169403],"improvedSpline":true,"material":"track_rubber","nodes":[[-292.6987,458.064423,-287.169403,6],[-281.346558,452.872162,-286.18985,6],[-267.928101,443.59314,-285.648163,6],[-257.968445,435.631195,-285.446411,6],[-248.974457,435.509674,-285.347595,6]],"startEndFade":[50,10],"textureLength":100}
{"class":"DecalRoad","persistentId":"ea94b698-8bb4-4618-b87c-ba98fb95703e","__parent":"SimGroup_","position":[-438.003021,-229.499329,-311.584015],"improvedSpline":true,"material":"track_rubber","nodes":[[-438.003021,-229.499329,-311.584015,4],[-445.729034,-218.313919,-312.066559,4],[-453.069885,-213.272934,-312.481842,4],[-457.534668,-206.739365,-312.799713,4]],"startEndFade":[10,10],"textureLength":50}
{"class":"DecalRoad","persistentId":"ed1c4056-bf33-41bc-861f-1b76bbca9e1a","__parent":"SimGroup_","position":[-329.900055,41.1801033,-288.579376],"improvedSpline":true,"material":"track_rubber","nodes":[[-329.900055,41.1801033,-288.579376,4],[-322.049133,50.1174126,-288.233551,4],[-313.318756,51.6606827,-287.966797,4]],"startEndFade":[10,10],"textureLength":50}
{"class":"DecalRoad","persistentId":"f0254baa-365a-4e1a-ade1-dd2780e97df1","__parent":"SimGroup_","position":[-364.512085,21.1422005,-289.900421],"improvedSpline":true,"material":"track_rubber","nodes":[[-364.512085,21.1422005,-289.900421,4],[-355.805176,29.6167164,-289.624115,4],[-347.242828,34.8228951,-289.31189,4],[-338.937866,35.6127815,-289.01886,4],[-332.399597,39.036026,-288.691376,4]],"startEndFade":[10,10],"textureLength":100}
{"name":"SimGroup_","class":"SimGroup","persistentId":"a94046d0-5cde-4dcf-ab25-03d4d492072c","groupPosition":"0 0 0"}
{"class":"TSStatic","persistentId":"00d2404d-7679-449c-8e20-688c742882e1","__parent":"SimGroup_","position":[-297.624329,456.156921,-288.380524],"isRenderEnabled":false,"rotationMatrix":[0.972010612,0.234936878,0,-0.234936878,0.972010612,0,0,0,1],"shapeName":"/levels/ms_s1/art/shapes/buildings/italy_construction_site_net_rolled.DAE","useInstanceRenderData":true}
{"class":"TSStatic","persistentId":"01b664bd-7334-42a0-a107-1980a4e5eb53","__parent":"SimGroup_","position":[-411.397766,-481.50769,-317.904755],"collisionType":"None","decalType":"None","isRenderEnabled":false,"rotationMatrix":[0.0493189096,-0.991789401,-0.117987275,0.012555778,-0.117505789,0.99299252,-0.998703957,-0.0504545867,0.00665771961],"scale":[0.25034371,0.25034371,0.25034371],"shapeName":"/levels/ms_s2/art/shapes/buildings/charging_station_b.DAE","useInstanceRenderData":true}
{"class":"TSStatic","persistentId":"01c1d7ea-14e4-4556-bd52-fb29c8a4af2c","__parent":"SimGroup_","position":[-430.829559,-464.783539,-319.654755],"isRenderEnabled":false,"rotationMatrix":[0.999951482,0.00984797627,0,-0.00984797627,0.999951482,0,0,0,1],"shapeName":"/levels/ms_s2/art/shapes/objects_hr/pole_metal1.dae","useInstanceRenderData":true}
{"class":"TSStatic","persistentId":"023c8c7b-0106-42b0-a572-2901e1854337","__parent":"SimGroup_","position":[397.740875,424.627228,-196.846405],"isRenderEnabled":false,"rotationMatrix":[0.797423005,-0.603420675,0,0.603420675,0.797423005,0,0,0,1],"shapeName":"/art/shapes/garage_and_dealership/Clutter/plastic_can_big.DAE","useInstanceRenderData":true}
{"class":"TSStatic","persistentId":"036faeb6-a8f3-4bef-942c-30698f7f7015","__parent":"SimGroup_","position":[-312.324615,58.6826401,-288.204437],"isRenderEnabled":false,"rotationMatrix":[-0.491308212,0.820656061,-0.291787446,-0.868184209,-0.488277316,0.0885516182,-0.0698027685,0.296831399,0.952375293],"shapeName":"/art/shapes/garage_and_dealership/Clutter/hr_plasticbarrier_red.DAE","useInstanceRenderData":true}
{"class":"TSStatic","persistentId":"0771a860-70ba-44f8-8b26-04b39b3f522a","__parent":"SimGroup_","position":[390.794128,421.971283,-196.661453],"collisionType":"None","decalType":"None","isRenderEnabled":false,"rotationMatrix":[-0.781735182,-0.623610854,0,1.78813934e-07,-3.57627869e-07,1.00000012,-0.623610854,0.781735063,1.1920929e-07],"scale":[0.25034371,0.25034371,0.25034371],"shapeName":"/levels/ms_s2/art/shapes/buildings/charging_station_b.DAE","useInstanceRenderData":true}
{"class":"TSStatic","persistentId":"08804203-5110-4e78-b9c7-0aea631fb417","__parent":"SimGroup_","position":[-346.856781,110.778099,-290.58017],"isRenderEnabled":false,"rotationMatrix":[0.615306139,0.787266314,-0.0401259959,-0.782409489,0.61613071,0.0906543881,0.0960920006,-0.0243852325,0.995073736],"shapeName":"/levels/ms_s1/art/shapes/buildings/italy_construction_site_net.DAE","useInstanceRenderData":true}
{"class":"TSStatic","persistentId":"088d95b9-e884-4477-b6e4-fb0b5eb142b0","__parent":"SimGroup_","position":[-424.808105,353.245728,-291.754303],"isRenderEnabled":false,"rotationMatrix":[0.184559107,0.982747376,0.0120650101,-0.981361091,0.184939981,-0.0522270724,-0.0535573214,-0.0022011511,0.998562336],"shapeName":"/art/shapes/garage_and_dealership/Clutter/hr_plasticbarrier.DAE","useInstanceRenderData":true}
{"class":"TSStatic","persistentId":"08ce4c9b-df8e-47e4-8956-0b4959cd2c07","__parent":"SimGroup_","position":[-363.156677,499.204834,-294.160461],"isRenderEnabled":false,"rotationMatrix":[0.993314683,0.114242248,0.0165739041,-0.113461874,0.992647111,-0.0421681702,-0.0212694239,0.0400057584,0.998973072],"shapeName":"/levels/ms_s1/art/shapes/buildings/italy_construction_site_net.DAE","useInstanceRenderData":true}
{"class":"TSStatic","persistentId":"095fc20c-1bef-4b7e-ba99-138096f1e151","__parent":"SimGroup_","position":[237.573593,335.927765,-237.681534],"isRenderEnabled":false,"rotationMatrix":[-0.714820743,-0.694035649,-0.0857085884,0.698288202,-0.715013146,-0.0339089148,-0.0377487689,-0.0840880871,0.995743036],"shapeName":"/levels/ms_s1/art/shapes/buildings/italy_construction_site_net.DAE","useInstanceRenderData":true}
{"class":"TSStatic","persistentId":"09cb387a-d92c-4a9b-9b0d-6c01e17569bc","__parent":"SimGroup_","position":[-267.096893,435.446167,-286.005463],"isRenderEnabled":false,"rotationMatrix":[-0.0675013065,0.99771899,0,-0.99771899,-0.0675013065,0,0,0,1],"shapeName":"/levels/ms_s1/art/shapes/buildings/italy_construction_site_net_rolled.DAE","useInstanceRenderData":true}
{"class":"TSStatic","persistentId":"0aaa5c9f-3115-4710-9bdb-8dc4d83b176e","__parent":"SimGroup_","position":[-310.63446,55.4784737,-287.836975],"isRenderEnabled":false,"rotationMatrix":[-0.492859602,0.870093584,0.00510651805,-0.868800759,-0.492431998,0.0519179404,0.0476880893,0.0211517215,0.998638272],"shapeName":"/art/shapes/garage_and_dealership/Clutter/hr_plasticbarrier_red.DAE","useInstanceRenderData":true}
{"class":"TSStatic","persistentId":"0b4bfd5e-c54d-4855-a34e-422564bc0bfb","__parent":"SimGroup_","position":[-426.829041,349.722412,-292.601837],"isRenderEnabled":false,"rotationMatrix":[0.296480715,0.955038846,0,-0.955038846,0.296480715,0,0,0,1],"shapeName":"/levels/ms_s1/art/shapes/buildings/italy_construction_site_net.DAE","useInstanceRenderData":true}
{"class":"TSStatic","persistentId":"0bdd80b1-4875-4478-8465-ace41d110a5a","__parent":"SimGroup_","position":[-441.149811,-464.881989,-319.654755],"isRenderEnabled":false,"rotationMatrix":[0.999876022,-0.015746193,0,0.015746193,0.999876022,0,0,0,1],"shapeName":"/levels/ms_s2/art/shapes/objects_hr/pole_metal1.dae","useInstanceRenderData":true}
{"class":"TSStatic","persistentId":"0c013358-5c5a-49f6-8c65-73b46cd191e3","__parent":"SimGroup_","position":[-430.765381,-464.468079,-319.654755],"isRenderEnabled":false,"rotationMatrix":[0.99971056,-0.02405761,0,0.02405761,0.99971056,0,0,0,1],"shapeName":"/levels/ms_s2/art/shapes/objects_hr/pole_metal1.dae","useInstanceRenderData":true}
{"class":"TSStatic","persistentId":"0d3c8650-21c2-4923-84d3-0f536e34951e","__parent":"SimGroup_","position":[-281.893402,448.791931,-286.703888],"isRenderEnabled":false,"rotationMatrix":[-0.875499249,0.483219057,0,-0.483219057,-0.875499249,0,0,0,1],"shapeName":"/levels/ms_s1/art/shapes/buildings/italy_construction_site_net.DAE","useInstanceRenderData":true}
{"class":"TSStatic","persistentId":"0d498fb8-172f-4743-a48c-ad1c32a6a49b","__parent":"SimGroup_","position":[-312.028656,193.646744,-288.068848],"isRenderEnabled":false,"rotationMatrix":[0.542631984,0.838826239,-0.0438291207,-0.83996433,0.541689396,-0.0321313441,-0.00321085192,0.0542503968,0.998522222],"shapeName":"/levels/ms_s1/art/shapes/buildings/italy_construction_site_net_folded.DAE","useInstanceRenderData":true}
{"class":"TSStatic","persistentId":"0dad079b-227d-496b-8254-d5142a3469fe","__parent":"SimGroup_","position":[-422.329987,-496.286194,-319.946259],"isRenderEnabled":false,"rotationMatrix":[-0.030905962,-0.99879688,-0.0380717106,0.999476612,-0.0312461853,0.00837169681,-0.00955122244,-0.0377930515,0.999239922],"shapeName":"/art/shapes/objects/s_metal_fence.dae","useInstanceRenderData":true}
{"class":"TSStatic","persistentId":"0de10d31-118f-407d-870b-223da7fa1df7","__parent":"SimGroup_","position":[-467.645355,-197.29071,-313.124634],"isRenderEnabled":false,"rotationMatrix":[0.809438348,0.559695244,-0.177625328,-0.559545636,0.826921046,0.0557694584,0.178096026,0.0542475507,0.982516646],"shapeName":"/art/shapes/garage_and_dealership/Clutter/hr_plasticbarrier_red.DAE","useInstanceRenderData":true}
{"class":"TSStatic","persistentId":"0e46294f-f71c-4bc2-be95-4fe41d614acb","__parent":"SimGroup_","position":[384.995331,424.563965,-198.248154],"isRenderEnabled":false,"rotationMatrix":[0.26328063,0.964719117,1.49011612e-08,-0.904900968,0.246955752,-0.34665066,-0.334420621,0.091266349,0.937994301],"shapeName":"/art/shapes/garage_and_dealership/Clutter/clutter_workshop_fire_extinguisher.dae","useInstanceRenderData":true}
{"class":"TSStatic","persistentId":"0f71fecb-3e0d-4156-afb1-3cf4060983a9","__parent":"SimGroup_","position":[-162.772659,220.860962,-281.961823],"isRenderEnabled":false,"rotationMatrix":[0.968020916,-0.228348374,0.103886776,0.239547879,0.964354336,-0.112416707,-0.0745134875,0.133707583,0.988215566],"shapeName":"/levels/ms_s1/art/shapes/race/sign_checkpoint.dae","useInstanceRenderData":true}
{"class":"TSStatic","persistentId":"0fef4da8-d393-46ff-aec0-4fdbd8e3b5b7","__parent":"SimGroup_","position":[-381.215973,73.539299,-291.343933],"isRenderEnabled":false,"rotationMatrix":[0.916405261,-0.400235027,0.00365294446,0.400152355,0.916342974,0.0139130373,-0.00891583506,-0.0112882461,0.999896526],"shapeName":"/levels/ms_s1/art/shapes/race/sign_checkpoint.dae","useInstanceRenderData":true}
{"class":"TSStatic","persistentId":"104ea271-2b4d-4fc9-9b98-e1f026e24b36","__parent":"SimGroup_","position":[-277.543823,446.397858,-286.703888],"isRenderEnabled":false,"rotationMatrix":[-0.875499249,0.483219057,0,-0.483219057,-0.875499249,0,0,0,1],"shapeName":"/levels/ms_s1/art/shapes/buildings/italy_construction_site_net.DAE","useInstanceRenderData":true}
{"class":"TSStatic","persistentId":"1073e49c-42b9-4245-b53e-0a75cb6c3bde","__parent":"SimGroup_","position":[-321.259674,468.004517,-289.034119],"isRenderEnabled":false,"rotationMatrix":[-0.509198427,-0.860647738,-0.00147799624,0.860637724,-0.509199858,0.0042369375,-0.00439910637,0.000885423273,0.999989927],"shapeName":"/levels/ms_s1/art/shapes/race/sign_checkpoint.dae","useInstanceRenderData":true}
{"class":"TSStatic","persistentId":"115fb778-1f1f-498a-96fd-216f065ca9df","__parent":"SimGroup_","position":[385.45224,433.76297,-196.590347],"isRenderEnabled":false,"rotationMatrix":[-0.661870599,0.749618232,0,-0.749618232,-0.661870599,0,0,0,1],"shapeName":"/levels/ms_s2/art/shapes/objects_hr/pole_metal1.dae","useInstanceRenderData":true}
{"class":"TSStatic","persistentId":"11708dfd-23a8-4446-97a0-6848944baa2d","__parent":"SimGroup_","position":[-423.875244,356.899872,-291.754303],"isRenderEnabled":false,"rotationMatrix":[0.259629548,0.965554476,-0.0172308013,-0.964345813,0.258274615,-0.0577159449,-0.0512776151,0.0316012129,0.998184323],"shapeName":"/art/shapes/garage_and_dealership/Clutter/hr_plasticbarrier.DAE","useInstanceRenderData":true}
{"class":"TSStatic","persistentId":"1182ef1d-c3e2-4dee-b7d2-20cc781e7447","__parent":"SimGroup_","position":[-418.029572,-495.058319,-319.804291],"isRenderEnabled":false,"rotationMatrix":[0.998826683,0.044430498,-0.0192665216,-0.0429988392,0.996672094,0.0692521408,0.0222793128,-0.0683424547,0.997413099],"shapeName":"/art/shapes/objects/s_metal_fence.dae","useInstanceRenderData":true}
{"class":"TSStatic","persistentId":"15a109d1-b8ba-4865-b603-71f309ea9b50","__parent":"SimGroup_","position":[-446.84079,-491.171814,-319.654755],"isRenderEnabled":false,"rotationMatrix":[0.99993217,0.011648831,0,-0.011648831,0.99993217,0,0,0,1],"shapeName":"/levels/ms_s2/art/shapes/objects_hr/pole_metal1.dae","useInstanceRenderData":true}
{"class":"TSStatic","persistentId":"15d1d956-a610-4e0d-9025-854416753568","__parent":"SimGroup_","position":[148.744095,321.826721,-255.827057],"isRenderEnabled":false,"rotationMatrix":[-0.914258003,0.404183358,0.0277036019,-0.40449515,-0.914516687,-0.00651581632,0.0227018297,-0.0171631128,0.999594927],"shapeName":"/levels/ms_s1/art/shapes/race/sign_checkpoint.dae","useInstanceRenderData":true}
{"class":"TSStatic","persistentId":"17a06883-6516-45f7-8283-c1bd88b544fc","__parent":"SimGroup_","position":[-254.544434,428.528473,-286.014648],"isRenderEnabled":false,"rotationMatrix":[-0.999930859,0.00717728725,0.00928372331,-0.00730749825,-0.999874115,-0.0140686445,0.00918158144,-0.0141355172,0.999857962],"shapeName":"/levels/ms_s1/art/shapes/buildings/italy_construction_site_net.DAE","useInstanceRenderData":true}
{"class":"TSStatic","persistentId":"1a072c9d-fee0-4be8-a9df-027131df134e","__parent":"SimGroup_","position":[-431.409241,337.36554,-291.924713],"isRenderEnabled":false,"rotationMatrix":[0.926410913,-0.373984754,0.0435684063,0.373571873,0.927434862,0.0175688006,-0.0469773225,-9.31322575e-10,0.998895943],"shapeName":"/art/shapes/garage_and_dealership/Clutter/hr_plasticbarrier_red.DAE","useInstanceRenderData":true}
{"class":"TSStatic","persistentId":"1aefe5e2-eade-41fa-8166-1236bffe3e14","__parent":"SimGroup_","position":[-433.638519,-461.442474,-317.106995],"isRenderEnabled":false,"rotationMatrix":[0.99971056,-0.02405761,0,0.02405761,0.99971056,0,0,0,1],"shapeName":"/levels/ms_s2/art/shapes/objects_hr/gazebo_red.dae","useInstanceRenderData":true}
{"class":"TSStatic","persistentId":"1cdc6f0f-eed6-4bad-b2ec-54b0867f2fa6","__parent":"SimGroup_","position":[-359.626953,108.355423,-290.022247],"isRenderEnabled":false,"rotationMatrix":[-0.805760026,0.505214155,-0.309046239,-0.515310109,-0.855262756,-0.0546020865,-0.291901439,0.115258455,0.949478328],"shapeName":"/art/shapes/garage_and_dealership/Clutter/hr_plasticbarrier_red.DAE","useInstanceRenderData":true}
{"class":"TSStatic","persistentId":"1d36957a-3e14-47b3-af7a-2ba48710fc54","__parent":"SimGroup_","position":[-256.92807,428.573883,-286.005219],"isRenderEnabled":false,"rotationMatrix":[-0.937604547,0.347623855,-0.00742841931,-0.347060889,-0.936956882,-0.040748924,-0.0211254079,-0.0356282666,0.999141812],"shapeName":"/levels/ms_s1/art/shapes/buildings/italy_construction_site_net.DAE","useInstanceRenderData":true}
{"class":"TSStatic","persistentId":"204750ea-c99f-4d46-ae2a-dd4a848567b0","__parent":"SimGroup_","position":[-464.60788,-195.313507,-313.22464],"isRenderEnabled":false,"rotationMatrix":[0.802164018,0.597103775,0,-0.597103775,0.802164018,0,0,0,1],"shapeName":"/art/shapes/garage_and_dealership/Clutter/hr_plasticbarrier_red.DAE","useInstanceRenderData":true}
{"class":"TSStatic","persistentId":"20adc567-9dde-4ef4-958f-12145fa8b3f8","__parent":"SimGroup_","position":[-418.275665,-489.604492,-319.503571],"isRenderEnabled":false,"rotationMatrix":[0.978499353,0.101649046,0.179461792,-0.107504696,0.993934214,0.023184916,-0.176016495,-0.0419794098,0.983491719],"shapeName":"/art/shapes/objects/s_metal_fence.dae","useInstanceRenderData":true}
{"class":"TSStatic","persistentId":"21aaecf1-02f7-4bf6-8a48-e16337231358","__parent":"SimGroup_","position":[-427.553253,347.386108,-292.601837],"isRenderEnabled":false,"rotationMatrix":[0.296480715,0.955038846,0,-0.955038846,0.296480715,0,0,0,1],"shapeName":"/levels/ms_s1/art/shapes/buildings/italy_construction_site_net.DAE","useInstanceRenderData":true}
{"class":"TSStatic","persistentId":"21ad0ca4-d109-4f66-b6fe-ec545fc08431","__parent":"SimGroup_","position":[-305.115417,227.760986,-288.3172],"isRenderEnabled":false,"rotationMatrix":[0.102809668,-0.994699538,0.00174097531,0.993984997,0.10266912,-0.0381168574,0.0377360731,0.00564928539,0.99927175],"shapeName":"/levels/ms_s1/art/shapes/buildings/italy_construction_site_net.DAE","useInstanceRenderData":true}
{"class":"TSStatic","persistentId":"2205cf2f-1e99-4271-932b-6ae3e9b35750","__parent":"SimGroup_","position":[-341.074921,38.8384323,-289.041901],"isRenderEnabled":false,"rotationMatrix":[0.986288488,-0.159029067,0.0440994278,0.158879876,0.987273872,0.00688984012,-0.0446338952,0.000211141538,0.99900341],"shapeName":"/art/shapes/garage_and_dealership/Clutter/hr_plasticbarrier.DAE","useInstanceRenderData":true}
{"class":"TSStatic","persistentId":"23a029b2-1658-4a13-8213-ddae3eba59e3","__parent":"SimGroup_","position":[-433.649109,-487.390411,-317.106995],"isRenderEnabled":false,"rotationMatrix":[0.99993217,0.011648831,0,-0.011648831,0.99993217,0,0,0,1],"shapeName":"/levels/ms_s2/art/shapes/objects_hr/gazebo_yellow.dae","useInstanceRenderData":true}
{"class":"TSStatic","persistentId":"23db7d70-fbcc-4571-b1f5-de563265465a","__parent":"SimGroup_","position":[-453.478729,-208.545532,-312.685333],"isRenderEnabled":false,"rotationMatrix":[0.811013818,0.585025489,-0.00133909844,-0.582343876,0.807072997,-0.0975130796,-0.0559668839,0.0798642635,0.995233357],"shapeName":"/art/shapes/garage_and_dealership/Clutter/hr_plasticbarrier_red.DAE","useInstanceRenderData":true}
{"class":"TSStatic","persistentId":"261bc3af-ae90-4efe-9ce9-f152d7da4f19","__parent":"SimGroup_","position":[-434.353943,342.991089,-291.929016],"isRenderEnabled":false,"rotationMatrix":[-0.0854457617,-0.996342838,-0.000204905868,0.993195832,-0.0851922035,0.0794008821,-0.0791279525,0.00658095255,0.996842742],"shapeName":"/art/shapes/garage_and_dealership/Clutter/hr_plasticbarrier.DAE","useInstanceRenderData":true}
{"class":"TSStatic","persistentId":"265cf91b-c209-4a86-8425-8b070145e4cf","__parent":"SimGroup_","position":[-334.925995,129.73555,-289.900635],"isRenderEnabled":false,"rotationMatrix":[0.216470778,-0.975859582,-0.0289586782,0.969271243,0.218370318,-0.113260284,0.11684984,-0.00355126709,0.99314326],"shapeName":"/levels/ms_s1/art/shapes/buildings/italy_construction_site_net_folded.DAE","useInstanceRenderData":true}
{"class":"TSStatic","persistentId":"26e6e9ef-64dd-43fd-9124-3ba01d8a8df1","__parent":"SimGroup_","position":[-313.393799,186.54657,-288.176025],"isRenderEnabled":false,"rotationMatrix":[0.460337102,-0.883083642,0.0908444822,0.887485683,0.460255861,-0.0230962336,-0.021415785,0.0912552476,0.995597243],"shapeName":"/levels/ms_s1/art/shapes/buildings/italy_construction_site_net_folded.DAE","useInstanceRenderData":true}
{"class":"TSStatic","persistentId":"28a05e65-e623-4060-9e4c-414aa752efba","__parent":"SimGroup_","position":[-318.782867,47.3183708,-288.187225],"isRenderEnabled":false,"rotationMatrix":[-0.915464401,0.402214527,-0.0121748615,-0.402301908,-0.915488839,0.00576637406,-0.00882663019,0.0101768812,0.999909282],"shapeName":"/art/shapes/garage_and_dealership/Clutter/hr_plasticbarrier.DAE","useInstanceRenderData":true}
{"class":"TSStatic","persistentId":"28c8bcea-d4b0-4cb9-915f-6022d9113398","__parent":"SimGroup_","position":[-430.707977,-495.318115,-319.992706],"isRenderEnabled":false,"rotationMatrix":[-0.315091491,-0.949050486,0.00455437182,0.949056447,-0.315070868,0.00473080901,-0.00305482699,0.00581299281,0.999978423],"shapeName":"/art/shapes/objects/s_metal_fence.dae","useInstanceRenderData":true}
{"class":"TSStatic","persistentId":"28d36be2-c85f-4848-b600-df0ed2a4d0d2","__parent":"SimGroup_","position":[-446.915253,-485.256989,-319.654755],"isRenderEnabled":false,"rotationMatrix":[0.99993217,0.011648831,0,-0.011648831,0.99993217,0,0,0,1],"shapeName":"/levels/ms_s2/art/shapes/objects_hr/pole_metal1.dae","useInstanceRenderData":true}
{"class":"TSStatic","persistentId":"29cb428a-bba2-45f0-9326-3c1f35fc9b32","__parent":"SimGroup_","position":[-440.97345,-471.008881,-319.654755],"isRenderEnabled":false,"rotationMatrix":[1,0.000239482164,0,-0.000239482164,1,0,0,0,1],"shapeName":"/levels/ms_s2/art/shapes/objects_hr/pole_metal1.dae","useInstanceRenderData":true}
{"class":"TSStatic","persistentId":"2a5626b8-1f21-4d66-b429-953257e0eb52","__parent":"SimGroup_","position":[-443.921295,-488.182007,-317.106995],"isRenderEnabled":false,"rotationMatrix":[0.99993217,0.011648831,0,-0.011648831,0.99993217,0,0,0,1],"shapeName":"/levels/ms_s2/art/shapes/objects_hr/gazebo_white.dae","useInstanceRenderData":true}
{"class":"TSStatic","persistentId":"2bfe70bc-6e41-4fde-b6b9-74cdf1c076a6","__parent":"SimGroup_","position":[-334.830902,129.755127,-289.881866],"isRenderEnabled":false,"rotationMatrix":[0.341102839,0.937744081,0.0654600561,-0.939766467,0.338544607,0.0471863151,0.022087533,-0.0776125491,0.996738911],"shapeName":"/levels/ms_s1/art/shapes/buildings/italy_construction_site_net.DAE","useInstanceRenderData":true}
{"class":"TSStatic","persistentId":"2f31fd6a-ac8a-4e75-9fbf-2f3da2adb57b","__parent":"SimGroup_","position":[398.203583,424.14859,-196.500931],"isRenderEnabled":false,"rotationMatrix":[-0.858946085,-0.512065887,0,0.512065887,-0.858946085,0,0,0,1],"shapeName":"/art/shapes/garage_and_dealership/Clutter/plastic_can_small.DAE","useInstanceRenderData":true}
{"class":"TSStatic","persistentId":"30719b67-ee72-4d7f-8f5f-055be528c40c","__parent":"SimGroup_","position":[-430.535461,-483.563232,-319.654755],"isRenderEnabled":false,"rotationMatrix":[0.997385502,0.0722642988,0,-0.0722642988,0.997385502,0,0,0,1],"shapeName":"/levels/ms_s2/art/shapes/objects_hr/pole_metal1.dae","useInstanceRenderData":true}
{"class":"TSStatic","persistentId":"31315b11-4249-4f12-a932-39c404a7910d","__parent":"SimGroup_","position":[-382.539093,-104.984337,-290.800415],"isRenderEnabled":false,"rotationMatrix":[-0.210499048,-0.97036773,0.118645459,0.977210462,-0.205460906,0.0533452369,-0.0273874961,0.127170697,0.991502643],"shapeName":"/levels/ms_s1/art/shapes/race/sign_checkpoint.dae","useInstanceRenderData":true}
{"class":"TSStatic","persistentId":"315297d4-c4fa-44df-a609-570f6e303e51","__parent":"SimGroup_","position":[-429.231689,336.936798,-291.726746],"isRenderEnabled":false,"rotationMatrix":[0.991489172,0.045659557,0.121919908,-0.0460027382,0.998941302,0,-0.121790834,-0.00560865086,0.992539942],"shapeName":"/art/shapes/garage_and_dealership/Clutter/hr_plasticbarrier.DAE","useInstanceRenderData":true}
{"class":"TSStatic","persistentId":"336111e7-dfb6-49e1-ad25-d69ba6df6ad1","__parent":"SimGroup_","position":[-440.411804,-496.731323,-320.032806],"isRenderEnabled":false,"rotationMatrix":[0.807661951,0.589645803,0,-0.589645803,0.807661951,0,0,0,1],"shapeName":"/art/shapes/garage_and_dealership/Clutter/plastic_can_big.DAE","useInstanceRenderData":true}
{"class":"TSStatic","persistentId":"35023455-4444-4ad9-876b-7024d3a5b941","__parent":"SimGroup_","position":[-433.223724,338.613098,-291.983795],"isRenderEnabled":false,"rotationMatrix":[0.655834079,-0.75419122,0.0328194611,0.7538293,0.656600475,0.0248429254,-0.040285591,0.00844743382,0.999152482],"shapeName":"/art/shapes/garage_and_dealership/Clutter/hr_plasticbarrier.DAE","useInstanceRenderData":true}
{"class":"TSStatic","persistentId":"36252bd9-3e9c-4790-81fe-8927c4129e20","__parent":"SimGroup_","position":[387.351837,426.197754,-197.127502],"collisionType":"None","decalType":"None","isRenderEnabled":false,"rotationMatrix":[0.781734824,0.623610973,2.98023224e-08,-0.0663046241,0.083116889,0.994331598,0.62007606,-0.777303576,0.1063236],"scale":[0.25034371,0.25034371,0.25034371],"shapeName":"/levels/ms_s2/art/shapes/buildings/charging_station_b.DAE","useInstanceRenderData":true}
{"class":"TSStatic","persistentId":"3b1bfdaa-e781-479a-b9b7-f77f89f53caa","__parent":"SimGroup_","position":[398.755707,426.823212,-196.837372],"isRenderEnabled":false,"rotationMatrix":[-0.814076424,0.580757499,0,-0.580757499,-0.814076424,0,0,0,1],"shapeName":"/art/shapes/garage_and_dealership/Clutter/clutter_workshop_toolbox.dae","useInstanceRenderData":true}
{"class":"TSStatic","persistentId":"3b409ba0-2847-4cb9-bd93-75eda0fe1564","__parent":"SimGroup_","position":[-444.047974,-461.880341,-317.106995],"isRenderEnabled":false,"rotationMatrix":[0.999876022,-0.015746193,0,0.015746193,0.999876022,0,0,0,1],"shapeName":"/levels/ms_s2/art/shapes/objects_hr/gazebo_striped_red.dae","useInstanceRenderData":true}
{"class":"TSStatic","persistentId":"3b80888a-9f42-4b25-8086-2834dcc6f1bb","__parent":"SimGroup_","position":[-446.382751,-497.906708,-319.654755],"isRenderEnabled":false,"rotationMatrix":[0.997563243,0.0697679892,0,-0.0697679892,0.997563243,0,0,0,1],"shapeName":"/levels/ms_s2/art/shapes/objects_hr/pole_metal1.dae","useInstanceRenderData":true}
{"class":"TSStatic","persistentId":"3e559e93-8818-4dfa-a884-332392b9f803","__parent":"SimGroup_","position":[246.271011,347.258911,-236.462234],"isRenderEnabled":false,"rotationMatrix":[0.809957564,0.584799886,0.044472076,-0.585432649,0.810719609,0.00150365382,-0.0351750478,-0.0272533074,0.99900949],"shapeName":"/levels/ms_s1/art/shapes/buildings/italy_construction_site_net_folded.DAE","useInstanceRenderData":true}
{"class":"TSStatic","persistentId":"3f1c283f-d762-402a-be30-ea5ce7c3646b","__parent":"SimGroup_","position":[-434.260315,340.839569,-291.947784],"isRenderEnabled":false,"rotationMatrix":[0.223807216,-0.973977029,-0.0357642844,0.974262178,0.222558618,0.0357882194,-0.0268972516,-0.042853456,0.998719215],"shapeName":"/art/shapes/garage_and_dealership/Clutter/hr_plasticbarrier_red.DAE","useInstanceRenderData":true}
